
60
258
1000
258
Start: 1

49 50 51 52 53 21 G
54 G
55 56 57 58 59 60 61 62 63 64 G
65 G
52 21 66 67 68 69 70 71 72 73 G
74 75 15 17 G
76 77 78 79 80 81 82 83 84 85 G
86 G
87 88 89 90 91 92 93 G
18 94 95 96 97 98 99 100 101 102 G
103 104 105 106 107 37 108 109 110 G
16 111 112 113 114 115 116 G
117 G
16 111 44 118 23 G
119 G
120 121 122 123 124 125 126 127 G
128 G
129 G
10 G
128 G
9 G
130 131 132 133 134 135 136 49 137 51 G
75 16 111 112 G
9 G
138 G
139 140 141 142 143 144 145 146 147 G
1 G
148 149 G
150 G
151 152 153 154 155 156 157 158 159 G
128 G
160 161 29 162 163 164 165 166 G
167 168 169 170 171 172 173 174 175 74 G
176 177 178 179 180 181 182 183 184 185 G
186 G
135 187 133 188 189 190 36 191 192 193 G
194 G
195 196 197 198 199 200 201 202 203 204 G
205 G
153 155 156 157 206 159 207 208 G
2 15 17 44 118 209 G
138 G
210 211 212 213 214 215 216 217 218 219 G
74 75 G
220 221 11 19 222 G
223 137 224 136 135 225 133 188 131 226 G
227 228 229 230 231 232 233 234 235 5 G
236 G
237 238 239 240 241 242 243 244 245 246 G
194 G
247 248 26 249 250 251 252 253 254 255 G
42 256 257 258 22 259 260 G
16 111 112 118 23 209 261 G
262 263 264 265 266 267 268 269 270 271 G
87 272 89 273 90 274 G
11 275 19 222 38 276 277 223 278 G
279 280 237 238 239 281 241 242 243 244 G
205 G
128 G
35 42 282 283 284 G
End: 

60
252
1000
252
Start: 2

21 G
8 285 286 287 288 289 290 291 292 293 G
54 G
54 G
111 113 294 114 115 261 116 295 296 297 G
65 G
24 G
298 299 300 301 302 303 304 305 195 306 G
86 G
267 307 308 309 46 310 311 312 313 314 G
295 315 297 316 317 318 319 320 321 322 G
221 11 19 222 38 276 21 G
115 261 295 296 323 324 325 318 326 320 G
327 328 329 330 331 332 333 334 335 336 G
337 G
190 338 191 192 193 138 G
128 G
339 G
340 341 342 343 344 311 262 G
186 G
4 21 G
113 114 115 261 116 295 315 297 345 316 G
138 G
346 G
347 348 349 350 351 352 353 354 355 356 G
11 19 222 38 276 21 223 278 224 G
357 358 359 360 361 362 363 364 244 243 G
149 G
150 G
365 366 367 368 141 369 370 371 372 G
373 374 372 375 376 377 160 G
346 G
118 209 115 116 378 379 323 324 317 318 G
186 G
380 381 382 383 384 385 83 386 387 357 G
133 188 189 190 388 338 191 193 G
389 390 391 30 31 43 G
381 380 203 202 392 199 198 393 197 394 G
378 379 324 325 318 326 320 395 396 G
397 G
276 398 399 400 401 402 279 280 237 403 G
38 276 277 223 278 224 404 135 225 133 G
190 36 338 193 138 G
149 G
405 406 407 408 409 410 411 379 412 378 G
413 196 394 197 198 200 201 202 203 380 G
236 G
414 G
368 141 369 370 371 372 415 6 376 G
194 G
416 417 418 419 420 421 422 423 424 425 G
426 427 428 429 430 431 432 433 434 435 G
436 437 130 438 439 440 441 136 50 51 G
24 G
111 44 23 209 115 261 116 295 315 323 G
205 G
200 201 202 203 380 442 382 383 384 385 G
443 444 445 446 447 448 449 450 451 452 G
453 454 455 456 457 458 459 460 461 462 G
119 G
End: 

60
212
1000
212
Start: 3

21 G
54 G
306 463 464 176 177 465 179 180 181 466 G
323 324 325 317 318 326 467 468 469 G
1 G
320 321 322 396 148 G
470 471 472 473 474 475 229 476 477 478 G
117 G
54 G
128 G
319 320 395 321 322 G
262 263 264 265 308 266 479 268 109 269 G
10 G
128 G
21 G
25 G
9 G
404 187 225 133 480 226 190 36 338 191 G
481 482 281 239 483 237 484 279 401 400 G
149 G
222 38 398 277 223 485 404 486 225 487 G
4 G
150 G
234 488 233 489 490 231 G
346 G
65 G
491 492 493 494 495 496 497 498 499 500 G
186 G
129 G
501 212 211 210 502 503 32 103 104 105 G
205 G
10 G
138 G
214 387 357 358 359 360 361 362 504 364 G
196 195 306 463 464 176 177 465 179 180 G
148 G
238 240 281 241 242 481 244 505 245 246 G
295 296 315 297 345 316 317 318 326 319 G
480 226 190 36 338 191 G
138 G
191 12 193 G
149 G
506 507 261 508 509 510 511 512 513 514 G
381 383 384 385 83 387 213 212 211 G
83 84 85 515 516 517 518 G
414 G
377 160 519 161 203 380 442 382 383 G
51 52 G
24 G
324 325 317 318 319 320 395 469 396 G
368 520 298 299 521 302 303 522 304 523 G
191 192 193 G
186 G
205 G
225 133 188 131 190 36 338 191 12 G
276 21 4 137 224 404 135 187 133 188 G
128 G
524 525 526 527 55 528 57 58 59 28 G
529 530 60 531 532 57 528 55 G
119 G
End: 

60
174
1000
174
Start: 4

533 534 535 536 513 537 538 510 509 508 G
54 G
539 540 541 542 543 544 545 546 547 G
54 G
65 G
24 548 G
414 G
1 G
86 G
463 549 413 195 523 550 551 552 553 G
554 555 556 557 558 416 559 560 561 562 G
190 388 G
117 G
119 G
230 563 564 471 470 565 262 310 265 308 G
337 G
54 G
322 G
129 9 G
10 26 G
128 G
322 G
25 G
9 37 G
138 1 G
346 G
566 567 167 168 169 G
399 G
1 568 G
161 29 162 163 164 165 569 G
385 83 214 387 213 212 211 570 210 502 G
128 G
571 572 573 574 575 576 577 578 579 G
65 G
469 G
148 G
129 G
194 G
10 G
476 227 477 580 581 582 583 584 585 586 G
193 G
181 182 587 184 588 589 590 591 592 593 G
320 395 468 469 G
191 G
138 G
535 534 533 594 595 596 597 598 599 492 G
210 502 32 103 104 105 106 G
236 G
384 385 84 83 214 357 213 212 211 210 G
600 601 286 602 603 604 87 G
148 G
24 548 G
396 G
195 306 463 464 176 177 178 605 48 466 G
29 162 163 164 165 166 569 606 607 608 G
205 G
131 226 609 36 338 191 G
104 105 106 107 G
128 G
119 G
End: 

60
208
1000
208
Start: 5

38 222 610 611 612 613 614 G
54 G
615 616 617 618 619 620 621 622 623 G
414 G
86 G
301 624 298 625 626 141 368 367 627 628 G
33 629 630 631 632 G
117 G
54 G
128 G
322 G
269 G
247 633 634 117 635 636 637 638 639 G
128 G
21 398 640 399 641 642 643 G
25 G
644 645 646 647 648 649 650 651 652 653 G
191 12 193 138 G
399 G
149 G
190 388 338 191 192 G
568 106 654 104 655 656 502 657 658 659 G
149 G
150 G
128 G
346 G
660 G
148 G
186 G
129 9 37 644 13 646 661 648 662 G
194 G
205 G
4 21 276 663 610 G
664 629 665 666 585 667 583 668 669 670 G
671 G
138 1 37 644 13 647 648 672 G
269 270 271 673 674 437 675 438 439 G
148 G
397 10 26 247 676 677 678 151 152 G
84 679 680 515 516 517 681 518 682 683 G
191 192 193 138 1 37 G
138 9 37 644 G
684 518 685 547 686 687 688 689 G
193 138 1 9 37 G
690 493 494 495 496 691 498 692 499 500 G
106 G
236 G
148 G
693 694 695 696 697 698 699 700 701 702 G
703 704 705 683 684 G
706 398 277 278 485 404 486 225 133 G
396 G
707 708 709 710 711 712 713 714 715 716 G
186 G
205 G
193 138 1 G
107 G
717 718 719 720 721 722 723 724 725 417 G
726 727 728 729 730 731 732 733 734 G
119 G
End: 

60
231
1000
231
Start: 6

42 282 735 283 284 453 455 456 457 G
736 518 681 517 737 738 G
466 48 605 178 177 739 740 741 G
54 G
321 G
65 G
742 743 744 745 122 123 124 125 126 746 G
86 G
747 748 749 750 751 752 753 754 755 756 G
119 G
757 758 759 760 761 762 763 764 765 G
322 G
766 767 768 769 770 771 772 G
186 G
773 774 775 776 777 778 779 780 781 782 G
322 G
25 G
346 G
490 783 234 235 5 784 785 786 787 G
138 1 37 644 645 646 661 648 649 650 G
501 357 214 83 216 217 218 788 789 790 G
48 605 178 177 176 464 791 549 306 413 G
150 G
632 747 748 792 751 753 793 756 794 795 G
686 547 685 736 G
106 G
128 G
414 G
65 G
186 G
650 651 796 797 653 798 7 799 G
568 G
205 G
25 G
639 800 801 802 803 389 390 391 30 31 G
81 82 216 83 84 85 804 G
805 612 806 807 808 809 810 811 812 G
580 813 227 228 230 231 490 783 233 G
648 814 650 651 796 797 815 798 7 G
671 G
814 650 772 796 652 653 815 816 G
153 155 156 157 159 207 817 818 819 G
820 705 821 822 823 766 767 768 769 770 G
824 569 825 826 827 828 829 830 831 832 G
37 644 833 13 646 647 648 G
149 G
353 354 834 351 835 348 836 837 838 G
106 G
414 G
105 G
194 G
87 G
148 G
615 616 839 618 619 620 621 622 623 G
646 647 648 649 650 772 796 652 653 G
186 G
9 37 644 833 645 13 646 G
128 G
417 416 559 560 840 561 562 251 841 G
842 661 648 814 650 651 652 653 815 G
End: 

60
217
1000
217
Start: 7

458 459 460 462 529 530 60 531 532 G
843 844 845 846 847 848 849 850 851 852 G
853 854 855 856 175 75 16 G
177 739 741 857 858 844 845 859 860 G
327 328 861 329 862 863 332 333 334 864 G
396 G
414 G
86 G
221 11 G
148 G
396 G
865 866 867 868 869 870 871 872 873 874 G
337 G
54 G
772 651 875 802 G
799 G
95 96 97 98 99 876 101 877 102 878 G
186 G
128 G
19 G
322 G
25 G
653 815 G
346 G
879 817 208 207 158 880 156 154 881 G
399 G
882 883 884 885 886 887 444 445 446 447 G
149 G
161 160 377 376 415 372 371 373 139 140 G
150 G
106 G
414 G
186 G
482 281 239 483 237 484 279 401 400 888 G
568 G
205 G
25 G
108 269 889 271 436 437 130 675 438 439 G
128 G
515 516 517 890 685 891 547 892 546 G
7 G
671 G
706 277 893 278 224 486 187 225 133 188 G
894 653 G
895 796 797 653 G
896 868 897 898 865 899 764 900 901 902 G
149 G
105 G
148 G
903 742 744 745 122 904 123 125 126 746 G
569 905 826 827 829 906 831 832 896 G
396 G
186 G
205 G
661 648 672 814 650 772 G
796 797 653 G
547 685 518 681 737 738 680 679 G
907 908 909 76 77 78 79 80 G
119 G
170 171 910 172 174 856 175 74 75 G
End: 

60
170
1000
170
Start: 8

911 912 908 907 913 914 915 882 883 884 G
221 G
660 117 86 25 G
336 916 917 918 584 919 586 665 920 G
396 G
414 G
86 25 921 922 236 G
923 924 911 912 909 907 913 914 915 882 G
148 G
653 G
396 G
109 G
337 346 128 119 G
54 G
128 119 248 247 3 634 G
925 926 927 928 929 930 931 817 818 787 G
186 194 G
799 G
346 128 119 248 G
220 G
399 G
149 337 346 128 G
739 741 843 844 845 846 847 848 849 850 G
652 G
140 141 142 932 933 144 146 G
150 248 922 G
934 G
106 G
133 480 226 190 388 338 192 138 G
414 G
187 487 188 480 226 190 388 338 191 193 G
346 128 236 150 G
65 86 25 47 922 G
74 75 G
74 75 G
469 G
148 G
568 G
205 346 G
25 47 922 935 236 936 G
937 441 938 49 51 52 53 21 G
128 119 248 247 G
208 207 159 158 156 154 153 152 151 939 G
671 205 G
148 G
231 229 476 477 581 669 582 583 584 G
189 190 388 338 191 138 1 G
149 G
106 G
414 G
105 G
127 327 861 329 330 331 863 333 334 940 G
941 942 898 943 899 944 761 760 945 G
15 G
396 G
61 28 531 532 57 528 55 526 946 524 G
772 G
107 G
128 119 150 248 247 G
679 83 215 947 948 923 924 911 912 909 G
End: 

60
219
1000
219
Start: 9

660 186 194 86 25 921 922 150 236 G
949 885 887 444 445 446 447 448 950 951 G
221 G
952 617 953 618 954 620 955 956 957 G
414 G
11 G
148 149 337 128 119 248 3 634 G
958 959 726 727 960 728 729 731 G
149 337 128 119 248 3 634 961 962 G
935 236 963 205 671 396 468 467 964 965 G
248 247 633 634 966 962 967 637 638 639 G
9 G
138 G
916 335 968 334 333 332 331 969 329 861 G
21 G
121 122 904 123 125 126 746 127 327 G
19 222 G
676 G
322 396 148 149 337 128 G
815 7 799 G
797 G
652 G
922 G
934 G
16 111 112 113 294 G
106 G
138 G
935 236 963 936 671 970 971 972 973 974 G
75 16 G
75 16 111 112 G
148 671 205 346 G
888 399 G
568 37 108 G
671 970 468 975 974 965 976 977 978 979 G
21 38 66 67 G
980 298 299 521 302 303 522 304 523 413 G
981 982 731 730 983 984 727 726 959 G
7 799 660 186 194 86 G
148 149 205 346 128 150 247 633 961 635 G
586 665 33 629 632 747 748 985 751 753 G
772 G
469 396 148 G
653 815 G
652 G
337 128 26 247 3 986 677 939 151 G
106 107 G
635 660 636 798 639 797 801 895 803 389 G
414 G
105 G
921 922 150 236 346 671 970 469 468 467 G
87 88 89 90 91 G
148 149 346 119 248 247 633 G
758 757 987 988 989 990 991 992 993 994 G
370 373 371 415 6 376 377 160 519 161 G
652 G
15 17 44 118 23 G
995 682 518 685 891 686 687 996 997 998 G
636 638 639 797 875 895 803 390 999 842 G
7 799 660 186 G
1000 1001 1002 1003 1004 1005 1006 388 338 G
End: 

60
231
1000
231
Start: 10

205 671 970 469 468 964 974 965 317 324 G
337 128 119 248 247 633 961 966 962 967 G
605 179 178 177 176 464 791 549 306 413 G
25 G
205 346 128 G
977 978 379 412 378 507 1007 41 1008 0 G
961 635 967 637 638 639 1009 875 802 803 G
317 325 323 379 412 506 507 1007 23 118 G
30 31 43 G
54 194 65 25 47 922 935 G
963 205 671 971 468 467 964 974 965 1010 G
129 9 G
489 231 229 476 477 478 581 582 27 G
236 963 205 671 396 469 467 964 974 965 G
21 G
389 390 391 842 30 31 G
38 276 21 4 223 137 404 135 187 134 G
676 G
523 304 552 553 301 624 1011 626 141 143 G
379 378 506 507 1007 1008 0 44 17 2 G
849 850 1012 851 1013 1014 1015 1016 1017 G
660 186 194 86 25 921 922 150 236 205 G
801 875 802 803 389 390 999 842 30 G
220 221 11 19 G
653 815 798 7 54 186 86 25 G
147 1018 146 144 933 932 1019 368 141 G
255 416 417 557 418 419 555 1020 1021 1022 G
150 G
922 G
934 G
220 70 221 11 19 222 G
579 G
114 115 261 295 296 315 345 316 317 326 G
106 107 37 108 109 110 267 307 308 G
797 801 651 895 803 662 390 999 842 30 G
414 G
970 469 468 964 974 965 325 324 379 412 G
965 976 1010 977 978 1023 1024 1025 507 1007 G
128 248 247 633 634 635 962 636 637 639 G
346 128 119 248 247 633 G
922 150 236 346 205 671 469 468 467 964 G
974 965 1010 977 978 412 378 507 1007 41 G
1024 506 1007 41 0 35 256 2 258 259 G
306 463 464 176 177 178 605 48 181 182 G
677 G
186 65 25 47 922 935 236 963 G
636 637 798 800 801 895 803 390 999 391 G
1 G
815 816 799 54 186 194 65 86 25 G
414 G
367 627 1026 628 1027 G
974 965 317 324 323 379 412 506 507 1007 G
117 635 660 637 798 800 801 875 803 389 G
630 632 1028 748 792 751 753 754 755 794 G
7 799 660 186 194 86 25 921 922 150 G
875 895 389 390 999 842 30 G
444 445 447 448 449 450 451 452 779 1029 G
113 294 209 115 116 295 296 297 345 316 G
194 86 25 921 922 935 1030 963 1031 970 G
193 129 G
End: 

60
241
1000
241
Start: 11

404 135 187 225 133 188 480 226 388 338 G
25 633 921 247 248 249 339 G
320 469 396 149 337 128 119 G
1032 1033 1034 1035 1036 G
414 G
467 964 974 965 976 977 978 1023 979 1024 G
17 15 2 258 259 260 1037 426 853 1038 G
223 224 404 135 187 133 188 226 190 36 G
86 25 47 922 150 963 936 671 970 468 G
44 15 2 258 22 1039 855 854 1040 1038 G
43 G
24 G
977 978 1023 979 1025 507 1007 41 0 35 G
9 G
9 G
802 389 1041 390 999 G
584 919 586 665 33 629 630 747 1042 749 G
31 G
933 145 146 1018 1043 1044 1045 1046 1047 1048 G
24 G
197 198 199 200 201 202 203 380 381 G
671 396 468 467 964 965 976 325 323 379 G
19 222 38 276 277 223 137 404 135 225 G
676 G
921 922 150 236 346 205 970 469 468 467 G
525 946 526 55 528 56 58 59 60 61 G
1049 1050 1051 1052 1053 1054 1055 1056 G
194 65 86 25 G
150 922 G
922 47 1057 579 578 G
309 264 310 262 313 470 1058 472 473 474 G
13 833 G
138 G
800 801 802 803 662 390 661 842 G
634 117 635 962 636 637 798 639 800 801 G
412 378 506 507 41 1008 0 17 15 2 G
965 317 324 323 412 378 507 1007 23 118 G
470 1058 472 473 474 475 229 476 477 478 G
390 661 842 G
30 G
1059 1060 1061 1062 1063 1064 1065 1066 1067 1068 G
677 G
964 974 965 325 324 323 412 378 506 1007 G
24 G
799 660 186 117 86 633 921 247 26 G
635 962 636 637 798 639 800 1009 875 802 G
1 G
47 922 935 236 936 671 970 971 467 964 G
54 186 194 65 G
833 G
307 309 264 310 262 312 314 1069 472 1070 G
1008 0 44 17 2 258 22 260 1037 426 G
707 1071 709 1072 710 712 1073 713 715 1074 G
86 25 921 922 236 963 205 671 396 469 G
1009 875 802 803 389 390 999 G
935 236 963 205 970 971 972 975 974 965 G
1075 441 49 50 51 52 53 G
108 G
971 975 964 974 976 1010 978 411 1076 1077 G
129 G
End: 

60
245
1000
245
Start: 12

1008 0 35 42 256 2 22 259 260 1037 G
1041 G
380 381 219 383 384 385 83 386 387 213 G
191 192 193 138 G
1036 G
636 637 638 639 800 801 875 802 803 G
429 430 1078 431 433 1079 1080 1081 1082 1083 G
680 679 83 G
467 964 965 976 977 978 1023 1024 506 507 G
43 G
767 1084 1085 821 704 705 G
379 412 506 507 41 1008 0 44 17 G
42 256 2 22 259 260 1037 426 427 1086 G
236 G
747 748 792 751 753 754 755 794 795 1087 G
259 1037 426 427 1086 429 430 1078 431 432 G
676 G
24 G
382 383 384 385 84 386 214 357 501 212 G
1008 0 17 15 2 258 22 260 1037 426 G
412 506 507 1007 23 118 44 17 G
133 480 226 609 338 191 192 G
676 G
964 965 976 325 324 323 412 378 506 507 G
140 370 373 371 372 415 6 376 377 G
368 141 369 370 373 371 372 415 375 6 G
161 203 380 382 1088 1089 1090 84 679 G
805 G
772 651 895 803 389 G
224 404 135 187 134 188 480 226 190 388 G
922 47 414 579 578 576 575 574 1091 1092 G
579 G
833 G
138 G
414 579 578 577 575 574 1091 1092 1093 1094 G
426 427 1086 1038 430 1078 431 432 433 1095 G
724 725 417 416 559 560 1096 561 562 G
802 803 389 390 999 G
1038 430 1078 432 433 1095 435 1082 1083 1097 G
581 669 582 584 919 586 1098 33 920 630 G
1099 1083 1100 1101 1102 1103 1104 1105 1106 G
30 G
1068 714 G
677 G
800 875 803 389 390 999 G
464 176 177 465 179 180 181 466 182 587 G
802 803 389 G
1 G
65 G
10 26 G
833 G
474 230 229 227 477 581 669 582 583 584 G
716 1065 1107 1108 1062 1061 1059 1109 G
119 G
661 G
13 G
977 978 412 378 506 507 41 1008 0 35 G
640 641 401 402 279 280 237 403 239 240 G
441 938 49 1110 51 52 G
407 405 1111 1112 1113 1114 1115 1116 1117 1118 G
End: 

60
203
1000
203
Start: 13

1078 1119 1120 1079 1080 1081 1083 1097 G
792 985 748 1028 664 629 1121 665 666 585 G
1036 3 247 921 47 1057 1122 1123 1124 1125 G
803 662 390 999 G
42 G
193 G
391 G
391 G
41 1008 0 G
24 G
17 G
31 G
236 G
21 G
31 G
138 G
24 G
664 629 1121 665 666 585 584 668 669 670 G
211 210 1126 503 32 103 104 105 106 107 G
853 1038 429 430 1078 432 433 1079 1080 1081 G
30 G
193 G
41 23 118 G
727 960 728 729 730 1127 732 733 1128 1129 G
160 161 29 162 163 164 165 G
680 738 737 517 518 682 683 705 1130 821 G
805 G
101 100 1131 1132 97 96 1133 1134 1135 1136 G
390 G
1093 1094 1137 1138 1139 1140 1141 682 G
579 414 1142 935 236 963 G
138 G
251 339 10 G
585 583 668 669 580 813 227 230 563 1070 G
999 G
433 1079 1080 1082 1083 1100 1101 1143 1103 G
1078 431 433 1079 1080 1082 1083 1097 1100 1101 G
632 747 748 749 792 751 753 754 755 756 G
842 G
918 584 919 585 586 665 33 629 664 G
30 G
237 1144 238 239 281 241 242 481 243 505 G
389 662 390 G
1 G
0 35 G
23 118 44 G
477 478 581 1145 582 27 584 585 586 33 G
414 1142 47 921 633 634 117 G
365 366 367 368 141 140 370 G
842 G
1146 1147 1148 1149 1150 1151 1152 1153 1154 G
661 G
430 431 432 433 1095 434 435 1082 1083 1097 G
13 G
25 G
44 G
52 G
108 G
128 G
1155 1156 1157 1158 1159 456 1160 454 453 G
End: 

60
205
1000
205
Start: 14

667 583 668 669 670 580 813 227 228 229 G
1041 G
106 107 G
1161 1162 1092 1163 1094 1164 1138 1140 1165 1141 G
999 G
193 138 G
1166 882 884 949 886 443 445 446 448 449 G
391 G
43 108 269 270 889 271 G
9 37 644 13 646 G
31 43 108 269 G
236 G
21 276 663 24 805 G
999 G
31 833 108 269 270 G
676 G
999 G
24 548 706 398 277 223 G
1083 1097 1101 1143 1102 1167 1168 G
17 G
24 548 276 G
1169 539 1170 541 1171 544 1172 546 547 G
569 606 1173 607 608 707 1071 708 709 G
805 24 548 G
25 G
1174 24 548 706 G
390 G
705 1175 684 518 685 891 686 687 G
518 685 891 686 687 996 997 998 1176 166 G
824 569 166 164 163 1177 29 203 519 160 G
671 970 469 467 964 974 976 325 323 379 G
792 751 754 1178 756 794 795 1087 1179 1180 G
833 108 269 129 G
251 252 561 1096 560 559 416 558 557 1181 G
138 1 37 G
686 687 996 997 689 824 1176 166 164 163 G
10 G
128 G
842 G
842 30 G
747 748 749 792 751 753 793 756 794 795 G
16 G
1182 307 1183 309 310 311 312 470 1058 472 G
677 G
24 663 G
842 30 G
1 568 1184 106 654 G
44 G
635 660 636 798 639 797 875 895 803 662 G
1185 1186 1187 1115 1117 1155 1156 1188 1157 1158 G
118 G
661 G
25 G
44 G
21 38 222 610 611 G
30 31 833 108 G
1189 360 1190 358 1191 214 83 385 384 G
108 269 129 889 271 G
128 G
129 9 37 G
End: 

60
279
1000
279
Start: 15

101 877 102 1192 878 1193 1194 1195 1196 1197 G
129 1 9 37 644 833 13 646 G
230 231 490 783 233 234 235 5 784 1198 G
1041 999 391 30 31 G
37 644 13 646 661 648 672 814 650 G
877 101 100 99 98 97 96 1134 1135 1136 G
999 661 842 13 833 108 9 G
421 422 1199 1200 424 425 1201 1202 1203 1204 G
42 G
391 30 31 108 269 270 889 G
951 451 779 1205 1206 1207 1208 1209 1210 G
1195 1196 1211 1212 1213 1214 120 1215 121 122 G
150 G
278 224 486 187 225 133 188 226 190 36 G
399 G
31 108 269 270 889 271 673 436 G
1216 1217 1218 1219 1220 1221 1222 1223 1224 1225 G
236 G
999 391 30 31 269 270 G
24 805 612 806 808 1226 809 811 812 G
889 271 436 674 609 130 132 439 134 1075 G
278 404 486 187 487 188 480 190 388 191 G
235 5 1227 1198 785 786 787 879 817 G
568 G
1228 696 697 698 699 1229 1230 701 1231 616 G
17 G
833 108 269 129 889 271 436 674 G
676 G
1072 710 711 712 1232 713 714 715 1074 716 G
390 999 391 842 G
997 998 824 569 905 1233 828 829 830 831 G
193 138 9 37 644 645 G
164 1234 1177 G
934 G
64 1235 1153 1236 958 959 726 727 960 G
412 506 507 1007 209 23 G
129 193 12 436 36 609 130 675 132 439 G
556 419 555 1020 1021 1049 1050 1051 1052 G
1177 162 29 G
128 G
763 764 765 865 867 897 868 870 871 G
474 230 229 227 580 581 669 583 584 586 G
35 G
663 222 19 275 221 220 72 1237 1238 G
30 833 108 269 889 271 436 674 G
104 1239 656 502 657 658 659 501 357 214 G
35 G
553 301 624 1011 626 141 143 144 145 1018 G
26 G
392 1240 202 161 G
674 609 130 132 439 134 1075 136 49 137 G
842 30 31 108 269 129 889 271 G
1159 456 1160 454 284 283 1241 256 257 258 G
118 G
661 842 30 833 108 9 129 193 G
108 9 129 193 12 436 609 130 131 132 G
44 G
269 129 889 271 436 674 609 130 675 438 G
218 219 381 380 203 161 1240 392 199 198 G
128 G
End: 

60
278
1000
278
Start: 16

102 1192 878 1242 1243 694 695 696 1244 G
1212 1213 1245 1214 120 121 122 904 123 G
119 G
387 357 358 1246 360 1189 361 504 363 G
129 889 12 436 36 609 130 131 132 133 G
662 650 651 796 797 815 7 799 660 G
0 G
150 G
50 51 52 21 67 275 69 1247 72 73 G
338 193 138 1 644 13 646 661 672 814 G
17 G
136 49 137 51 4 38 663 610 611 612 G
676 G
1248 1249 18 1135 94 95 96 1250 98 99 G
193 138 37 644 13 647 648 672 650 772 G
931 929 928 927 1251 925 802 G
178 177 176 464 463 306 413 195 196 G
676 G
118 G
131 226 609 36 338 12 193 129 9 G
163 1177 G
818 787 786 785 1198 1227 5 235 234 G
189 190 388 338 191 193 138 1 37 645 G
831 870 832 896 942 898 943 899 1252 944 G
1253 1254 1255 1256 1257 1258 168 169 1259 170 G
646 647 648 672 814 772 796 652 653 815 G
1177 G
108 269 270 889 271 436 674 609 130 675 G
142 933 144 145 146 147 1043 1260 1044 1261 G
23 G
128 G
153 152 151 1262 1263 40 676 G
10 G
128 G
889 271 436 674 130 675 132 439 134 1075 G
872 874 196 1264 1265 200 201 202 203 442 G
1266 1267 1268 1269 1270 1271 1272 1273 1274 1275 G
792 985 748 1028 632 664 629 1121 665 666 G
1240 392 199 1276 393 197 394 196 195 306 G
933 932 1019 368 141 369 370 371 372 415 G
129 889 436 674 609 130 131 132 439 G
437 130 675 132 440 1075 441 136 49 137 G
19 G
691 1277 498 692 499 1278 353 834 351 350 G
30 31 43 108 269 270 889 G
65 G
26 G
51 4 38 663 610 805 613 807 808 809 G
22 260 1037 427 1086 428 430 1078 431 433 G
118 G
1258 168 169 170 171 172 173 856 175 74 G
119 G
35 G
133 1075 135 136 224 137 4 21 38 663 G
44 G
439 440 1075 441 136 49 50 51 52 38 G
393 197 394 196 195 306 463 1279 1280 176 G
51 53 66 67 69 70 71 72 1238 1281 G
128 G
37 108 109 110 G
End: 

60
266
1000
266
Start: 17

98 99 876 100 101 102 1192 878 1242 694 G
124 125 126 746 127 327 328 861 329 330 G
705 1175 683 684 682 518 685 891 686 687 G
134 1075 135 136 224 137 51 52 4 G
286 1282 602 1283 604 1284 87 88 89 90 G
42 256 257 G
675 438 439 440 441 938 G
150 G
1259 170 910 172 173 174 856 175 74 G
650 651 652 653 815 816 799 G
399 G
17 15 2 G
19 G
86 G
437 130 675 438 132 439 440 G
876 100 101 877 1192 878 1193 1194 1195 1196 G
802 651 G
523 550 551 303 553 1285 624 1011 625 626 G
676 G
118 44 G
1177 29 161 519 1286 377 G
388 36 609 G
488 233 783 490 231 229 476 477 581 1145 G
1287 1288 1289 1290 1291 1292 1293 1294 G
646 647 648 672 814 650 651 796 894 815 G
761 945 758 757 987 988 989 990 1295 1296 G
910 172 173 174 175 74 G
934 1142 G
194 G
548 706 398 893 278 485 404 486 187 225 G
23 G
128 G
38 663 610 611 612 613 807 808 1226 809 G
694 693 1242 878 1297 102 877 101 1131 99 G
1155 1156 1188 1157 1158 1159 1298 456 1160 G
676 633 G
729 983 960 727 726 959 1299 1300 1153 1301 G
128 G
21 276 663 805 612 806 808 1226 1302 1303 G
135 49 137 51 52 21 53 G
275 G
382 1088 383 G
16 111 112 G
1304 1305 1306 1307 1308 783 489 490 231 229 G
463 1279 464 176 177 178 605 180 181 182 G
677 G
439 134 1075 441 49 137 51 52 21 G
835 348 836 837 838 1309 1310 1311 1312 1313 G
889 271 673 436 674 437 1314 G
392 G
35 44 G
277 223 278 485 404 486 187 225 133 480 G
26 G
1039 856 74 75 16 111 112 118 23 G
49 51 52 21 38 663 611 612 613 1315 G
118 G
136 137 51 4 21 G
610 612 613 614 808 809 1302 1303 1316 1317 G
25 G
67 275 69 70 71 72 73 1238 1281 1318 G
End: 

60
243
1000
243
Start: 18

107 G
996 997 998 824 569 905 826 827 828 G
660 G
35 44 17 15 258 22 259 260 426 G
918 584 G
11 G
399 G
65 G
1056 1055 1054 1319 1052 1320 1050 1321 1049 1322 G
1075 938 49 50 51 G
399 G
1323 1324 1325 1326 1327 1328 1329 1330 1331 1332 G
186 G
1197 1211 1213 1245 1214 120 121 122 G
70 G
439 440 1075 938 49 50 G
54 G
772 770 769 1333 767 1334 1085 821 704 705 G
568 G
101 877 102 878 1242 1243 694 695 696 1335 G
142 143 933 144 146 1018 147 1043 1044 1045 G
186 G
44 17 15 258 22 259 1039 855 854 G
376 6 415 374 371 373 370 139 140 G
1153 1154 1336 1186 1187 1337 1117 1118 G
130 675 132 440 1075 441 938 49 G
169 1259 170 171 910 173 174 856 175 74 G
25 G
816 7 799 G
51 52 G
74 75 16 111 44 23 209 115 261 G
54 G
824 166 164 163 1177 29 161 160 377 G
23 118 44 17 15 2 258 22 G
128 G
194 G
1132 97 96 1133 1134 1135 18 1249 1248 G
454 284 283 1241 1338 256 G
633 921 1142 1339 1340 1341 1342 1343 1344 1345 G
1346 1347 62 61 28 531 532 1348 528 55 G
371 373 139 140 141 368 367 627 1026 G
109 G
128 G
75 16 111 44 118 209 115 261 295 296 G
275 G
113 294 115 261 116 295 315 297 345 1349 G
476 477 478 581 1145 582 27 584 585 586 G
228 230 231 490 783 233 G
1286 160 161 29 1177 1350 G
118 23 209 261 116 295 315 323 324 325 G
21 G
189 190 388 338 191 193 138 1 G
26 G
1119 169 1259 170 910 854 1039 856 175 75 G
118 44 17 15 2 258 22 259 1039 G
111 112 113 294 115 261 116 296 315 297 G
15 2 258 22 260 1037 426 853 1038 429 G
414 G
128 G
473 474 230 229 477 478 581 1145 582 584 G
End: 

60
270
1000
270
Start: 19

1290 1291 1351 1292 1293 1294 1352 1353 1354 1032 G
918 584 919 586 665 33 629 664 632 G
350 351 352 354 355 356 1355 1356 1357 G
119 G
324 317 318 326 319 395 469 396 671 205 G
4 G
431 432 433 1095 434 435 G
696 1244 698 699 1229 1230 701 1231 616 617 G
51 G
853 1040 1038 430 1078 432 433 1079 1081 1082 G
150 G
11 19 222 38 G
399 398 38 222 275 69 70 G
65 G
514 1358 1359 717 718 1360 720 721 722 723 G
186 G
1361 19 610 611 612 613 G
70 221 11 G
415 6 376 377 160 519 161 G
50 G
683 684 682 518 685 891 686 687 688 G
568 37 108 109 110 267 307 G
1119 1362 1079 1080 1081 1083 1097 1101 1143 G
697 698 1229 1230 701 1231 615 952 617 618 G
186 G
1040 1038 429 430 1078 1362 1120 1079 1080 1081 G
159 158 880 156 154 153 152 151 939 1263 G
9 G
49 50 G
75 16 112 113 294 114 115 261 116 296 G
1363 1022 1364 1051 1052 1319 1054 1055 G
54 G
128 G
194 G
1365 1366 1367 1368 1369 1370 1371 1372 1373 726 G
527 946 525 524 1374 1375 1318 1281 1376 1377 G
194 G
628 1027 1015 1016 1017 1378 1379 1380 1381 G
10 G
109 269 37 568 106 105 655 G
21 G
315 323 325 317 318 326 320 395 469 396 G
892 545 544 543 1171 1382 540 539 1169 1383 G
318 326 319 320 321 396 148 205 346 G
413 195 196 394 197 198 199 G
21 G
221 11 19 G
1384 711 710 1385 708 1071 608 607 1173 1386 G
65 G
688 687 1387 547 685 736 995 1388 G
1 G
445 446 447 448 449 450 951 452 779 1029 G
102 1297 1193 1194 1195 1389 1211 1212 1213 1214 G
854 853 1040 1038 429 1078 431 432 433 1080 G
316 317 318 326 320 395 321 396 148 G
119 G
430 431 432 433 434 435 1082 1083 1097 1100 G
872 874 196 197 1265 200 201 202 204 442 G
414 G
128 G
End: 

60
271
1000
271
Start: 20

1171 1382 540 539 1383 1128 733 981 731 729 G
1291 1390 1293 1294 1391 1354 1392 1033 1393 1035 G
1028 748 792 751 753 754 755 756 794 795 G
1394 G
49 G
12 436 674 36 388 1006 1005 1003 1002 1001 G
988 987 757 758 759 760 762 763 764 G
399 398 276 610 805 612 806 807 G
99 876 100 101 877 102 1297 1242 1243 694 G
4 G
1083 1097 1100 1101 1102 1103 1104 1395 G
51 G
4 G
1396 1069 314 1397 263 264 1398 266 267 479 G
150 G
1399 290 291 1400 293 1401 1402 1403 1404 1405 G
799 G
65 G
86 G
51 G
18 1135 94 95 96 1250 98 99 876 G
330 331 863 332 1406 940 335 336 916 917 G
55 528 56 57 58 60 28 61 62 63 G
11 19 222 38 276 21 4 278 224 G
161 29 1177 163 164 165 569 1176 G
50 G
54 G
309 46 310 311 312 313 470 1058 472 473 G
186 G
50 G
952 617 953 618 954 620 955 956 G
315 297 345 316 317 318 326 320 395 321 G
599 1407 596 1408 595 1409 1410 533 G
799 G
52 G
716 1068 714 713 1232 1411 711 710 1412 708 G
52 G
786 785 1198 1227 5 235 234 488 233 G
1362 1258 1413 1414 1217 1218 1219 1220 1221 1415 G
194 G
959 1416 1236 1153 1346 1347 62 61 28 60 G
128 G
149 205 G
879 817 208 1417 159 158 880 156 154 153 G
546 544 543 1382 1170 539 1169 1128 734 981 G
346 G
200 201 202 161 519 1286 1418 1419 1420 G
21 G
136 G
569 166 164 163 1177 29 161 160 377 G
56 57 58 59 60 61 62 63 64 1235 G
1 G
26 G
316 317 326 319 395 321 396 148 671 G
337 G
1081 1083 1097 1101 1143 1103 1168 1105 G
119 G
21 G
1080 1081 1082 1083 1097 1100 1143 1102 1167 1168 G
128 G
End: 

60
253
1000
253
Start: 21

983 984 727 726 959 1299 1300 1236 G
1035 1036 G
178 177 176 464 463 306 413 G
49 G
1000 1421 1422 242 481 243 244 245 246 1423 G
119 G
765 865 898 897 868 870 871 872 874 196 G
128 G
4 G
660 G
1424 1291 1351 1293 1294 1391 1354 1032 1033 1034 G
4 G
269 129 193 436 36 G
150 G
1425 1426 1427 1428 1363 1022 1322 554 555 556 G
799 G
131 226 609 338 12 193 138 G
236 G
10 G
51 G
562 1429 841 397 10 G
186 G
64 1301 1153 1236 1300 958 959 726 G
404 135 187 225 133 480 189 190 388 338 G
832 896 868 898 1430 865 899 900 1431 1432 G
474 475 229 476 477 478 581 1145 582 27 G
1130 1175 683 684 681 517 737 738 680 679 G
1433 1434 1435 1436 1437 1438 1439 1440 1441 1442 G
669 670 580 813 227 228 230 563 1070 564 G
428 430 1078 432 433 434 435 1083 1100 G
970 971 972 975 964 974 965 976 977 978 G
1338 G
664 629 1121 666 585 667 583 582 669 580 G
322 148 G
25 G
799 G
52 G
1071 1443 608 607 1173 1386 569 1176 998 997 G
346 G
194 G
1 G
24 G
128 G
194 G
24 G
532 1348 528 55 527 946 525 524 1444 1375 G
218 219 381 380 203 202 392 199 198 393 G
881 1445 151 1262 1263 40 676 G
731 730 983 984 727 726 959 1416 G
42 G
21 G
136 G
376 1446 415 1447 1448 1449 1450 1451 1452 1453 G
65 G
414 G
21 G
25 G
503 32 104 105 107 37 43 110 267 308 G
128 G
1454 121 1455 1214 1456 1213 1457 1197 1196 1195 G
End: 

60
196
1000
196
Start: 22

20 G
1394 G
17 G
1458 360 359 G
119 G
128 G
660 G
176 464 463 549 306 413 195 523 304 G
51 G
150 G
1181 1459 558 1460 1461 560 840 1462 251 841 G
205 G
138 G
86 G
10 26 247 G
51 G
1211 1212 1213 1245 1214 120 121 122 904 G
10 26 G
186 G
747 748 985 792 1463 754 755 756 794 795 G
50 G
54 G
902 1464 1465 1466 1467 1468 1469 1470 1471 1472 G
584 585 586 665 33 629 630 747 1042 749 G
186 G
402 279 280 1144 238 239 240 241 242 481 G
1338 256 257 G
50 G
813 227 228 229 230 231 783 233 234 235 G
723 724 725 417 558 1460 1461 1096 561 G
228 229 230 231 232 233 234 235 5 784 G
688 687 686 547 685 736 518 682 683 705 G
346 G
52 G
194 G
194 G
24 G
763 764 765 865 1430 898 897 869 G
128 G
346 G
138 G
205 G
676 G
1300 1236 1153 1346 1347 62 61 28 60 530 G
1473 1336 1154 1236 1300 958 959 726 727 G
42 G
61 60 531 532 57 528 55 527 526 525 G
21 G
193 138 129 G
9 G
726 727 960 728 729 730 731 1127 733 734 G
26 248 G
24 G
414 G
337 G
336 916 917 918 584 919 586 665 33 G
119 G
309 264 311 312 470 471 472 474 230 476 G
414 G
1194 1193 878 1297 1474 877 100 1131 99 G
End: 

60
250
1000
250
Start: 23

409 1475 411 978 379 412 378 506 507 261 G
1036 G
553 1285 624 1011 626 141 142 933 144 145 G
49 G
119 G
142 932 144 145 146 147 1043 1260 1045 1046 G
558 416 559 560 1096 561 562 251 841 339 G
4 G
660 G
551 303 1476 1285 624 1011 625 626 142 143 G
1035 G
146 145 933 932 1019 368 625 298 299 521 G
4 G
1421 1422 482 281 240 239 1144 237 484 402 G
150 G
205 G
799 G
65 G
86 G
633 634 635 962 636 637 798 639 797 801 G
123 124 125 126 746 127 327 328 861 329 G
20 247 633 634 117 635 962 636 637 638 G
1477 539 540 1170 542 543 544 1172 546 G
138 129 G
750 751 752 754 1178 756 1478 795 1479 1179 G
908 907 913 914 1166 882 883 884 949 885 G
1480 341 342 343 1481 344 311 262 263 1482 G
266 267 479 109 G
186 G
9 G
244 505 245 246 1423 1458 1189 359 1190 358 G
50 G
1393 1035 1036 G
562 251 841 397 10 20 247 633 86 635 G
1483 785 786 787 818 817 208 207 159 880 G
52 G
466 181 48 180 605 178 177 739 G
346 G
54 G
1 G
24 G
194 G
24 G
832 871 1484 874 196 550 1485 552 553 1285 G
259 260 426 427 1086 429 430 1078 432 433 G
1214 120 121 122 904 1486 125 126 746 G
21 G
960 728 729 730 731 1127 981 734 1128 1129 G
42 G
346 G
874 196 197 198 199 392 1240 29 204 442 G
1128 1129 1169 539 1170 541 1171 543 544 1172 G
65 G
1 G
337 G
48 180 605 178 177 176 1487 464 G
25 G
477 581 1145 582 584 919 586 33 629 631 G
128 G
98 96 1133 1134 1135 18 1249 1248 1488 1489 G
End: 

60
176
1000
176
Start: 24

1036 G
1394 G
17 G
1018 147 1043 1044 1045 1046 1047 1048 1490 1491 G
49 G
119 G
10 26 248 921 1057 579 578 577 576 574 G
128 G
660 G
150 G
205 G
799 G
138 9 37 644 G
65 G
236 G
802 803 389 390 999 842 30 833 108 9 G
330 331 863 332 333 334 940 335 336 916 G
639 800 801 802 1492 389 1041 999 391 30 G
186 G
547 685 736 518 681 G
54 G
886 G
109 G
186 G
1191 214 83 84 85 G
50 G
660 636 7 798 653 801 875 895 803 662 G
1036 G
25 G
799 G
52 53 21 38 67 275 69 G
772 G
346 G
194 G
1 37 644 645 646 647 648 G
128 G
194 G
624 1011 626 141 143 933 144 146 1018 1043 G
1095 435 1082 1083 1097 1100 1101 1143 1103 1104 G
194 G
128 G
21 38 222 610 611 612 614 808 1226 G
346 G
138 1 37 644 645 646 G
205 G
676 G
1477 539 540 1170 541 543 544 1172 546 G
42 G
177 739 741 857 858 1493 859 846 847 848 G
9 37 833 13 646 648 662 650 772 G
136 G
546 547 685 736 G
685 736 518 681 517 516 G
24 663 222 G
149 G
21 276 663 610 805 612 806 807 808 G
791 463 549 413 195 523 550 304 G
747 748 750 751 754 1178 756 795 1087 1494 G
414 G
128 G
End: 

60
197
1000
197
Start: 25

20 G
1036 G
1394 G
17 G
119 G
1091 1092 1093 1094 1137 1138 1139 1140 1141 682 G
128 G
660 G
1035 G
68 69 1247 72 73 1238 1281 1318 1375 1495 G
31 108 269 129 889 436 674 609 130 131 G
205 G
799 G
833 13 646 661 648 662 814 650 651 796 G
65 G
236 G
66 67 69 70 71 72 73 1238 1281 1318 G
917 918 584 919 586 665 33 629 G
31 43 269 270 889 271 673 674 437 130 G
95 1496 1250 98 99 876 100 101 102 1192 G
87 G
661 672 814 650 651 796 797 653 815 7 G
878 1243 694 695 696 1244 697 699 1229 1230 G
54 G
269 G
109 G
186 G
17 15 G
646 661 648 672 814 650 651 796 797 653 G
515 516 517 518 685 891 547 892 545 G
51 52 53 38 67 275 69 70 72 1237 G
1036 G
390 842 30 833 108 9 129 12 436 G
1036 G
772 G
346 G
54 G
1422 482 281 240 483 1144 484 279 1497 400 G
194 G
672 814 650 772 796 652 653 815 816 G
225 487 188 226 190 36 191 193 138 37 G
194 G
1260 1045 1046 1047 1048 1498 1491 1499 1500 1501 G
194 G
128 G
647 648 672 814 650 772 796 652 653 815 G
205 G
547 685 518 681 517 737 738 680 G
849 850 1012 851 1013 1014 1016 1017 G
1126 503 32 104 105 106 107 568 G
49 50 51 52 53 38 67 275 G
518 681 737 738 680 85 679 83 G
738 680 679 83 215 947 948 923 924 G
65 G
414 G
149 G
119 G
551 552 1502 553 1476 1285 624 1011 1503 G
25 G
128 G
End: 

60
269
1000
269
Start: 26

1504 1505 601 286 1282 603 604 87 89 90 G
167 169 1259 170 910 172 173 1506 175 74 G
1036 G
71 72 73 1238 1507 1318 1375 1495 1508 1509 G
119 248 247 3 634 961 962 967 637 G
682 518 685 891 686 687 996 997 998 824 G
660 186 194 G
1035 G
1214 120 121 122 1454 744 742 1510 623 1511 G
150 248 922 921 634 117 186 636 637 G
439 440 1075 135 136 224 137 4 21 276 G
205 346 236 150 G
799 54 G
653 815 G
1362 1119 168 169 1259 170 171 910 173 174 G
236 150 248 921 633 634 117 635 G
86 25 47 921 922 150 963 205 G
135 136 224 51 4 21 276 663 24 805 G
675 438 439 440 1075 441 136 49 1110 52 G
186 194 86 25 G
923 924 911 1512 912 908 907 913 1513 1166 G
507 261 508 509 510 1514 511 1515 514 536 G
11 275 G
269 G
109 G
544 543 1382 1170 540 1169 1383 1128 733 981 G
108 37 568 106 654 104 32 656 G
148 149 205 346 G
674 36 388 1006 1005 1003 1002 1516 1001 1000 G
1257 1258 167 168 1259 170 171 910 172 G
676 G
1517 1518 1519 1520 1405 1425 1426 1427 1200 1363 G
651 895 803 662 390 661 842 30 833 G
399 G
816 G
644 646 647 648 649 650 651 652 894 653 G
194 65 25 47 922 G
920 630 631 747 748 749 792 752 754 1178 G
128 150 248 921 633 961 635 G
346 128 236 150 248 921 G
99 876 100 101 102 1192 878 1242 693 694 G
205 346 128 119 G
676 G
679 83 947 80 79 923 924 911 G
256 257 258 22 259 260 1037 427 1086 428 G
799 G
1081 1079 1120 1362 168 169 1259 1038 1040 854 G
568 G
799 G
68 69 1247 71 72 73 1238 1281 1318 1375 G
215 947 948 923 924 911 912 909 908 913 G
924 911 912 908 907 913 914 915 882 883 G
579 G
7 G
914 1166 882 884 949 885 443 444 446 447 G
456 1160 454 453 284 283 1241 1338 256 G
150 248 247 633 634 117 635 660 637 G
25 47 921 922 935 236 936 671 970 G
1256 1120 1362 1119 168 169 1259 170 910 854 G
128 119 248 247 3 634 G
End: 

60
242
1000
242
Start: 27

169 1259 170 171 910 172 173 174 856 175 G
1036 G
553 1476 521 1011 1503 626 141 142 932 144 G
1297 1242 1243 694 695 696 1244 697 699 1229 G
639 800 801 802 803 389 999 391 30 31 G
569 165 164 163 1177 29 161 519 1286 G
117 186 636 637 798 639 797 801 895 803 G
169 1259 171 910 854 855 1039 175 74 75 G
86 25 921 922 150 963 205 671 970 468 G
1035 G
683 705 1130 821 1085 823 767 768 769 770 G
1521 1522 957 1288 1290 1291 1292 1293 1294 1353 G
248 921 633 86 117 186 636 637 798 639 G
54 1394 186 194 65 25 47 922 G
815 798 7 799 660 186 G
963 936 671 971 972 975 964 965 976 1010 G
660 636 798 639 797 801 651 803 662 390 G
970 469 467 974 965 1010 977 379 378 506 G
52 53 21 G
921 922 150 236 346 671 970 469 468 964 G
621 955 1521 1523 1524 1525 1526 1527 G
1250 98 99 876 101 877 102 1297 1242 1243 G
95 96 98 1528 99 100 101 877 1192 878 G
47 922 935 150 236 G
798 7 799 660 186 194 86 G
1036 G
128 119 248 247 633 634 117 635 962 636 G
1036 G
1362 1119 168 1259 170 171 910 172 173 174 G
1345 1365 1366 1367 1529 1530 1531 1371 1372 1373 G
269 129 889 271 436 437 130 675 438 439 G
399 G
935 236 963 205 671 469 468 467 974 965 G
816 799 54 186 65 G
815 816 799 G
963 205 970 469 468 964 974 965 325 324 G
652 653 815 7 799 G
935 236 963 936 671 970 972 975 964 974 G
962 636 637 798 639 801 875 895 803 389 G
633 86 635 660 636 7 798 797 801 651 G
815 816 7 799 54 1394 G
429 430 431 432 433 1095 435 1099 1083 G
961 635 962 636 637 798 639 801 875 895 G
799 660 186 194 86 25 921 922 150 G
855 1039 856 74 75 15 44 118 23 209 G
853 854 855 856 175 74 15 17 44 118 G
799 54 1394 186 194 25 47 G
171 910 855 1039 856 74 75 16 112 118 G
671 970 971 468 467 964 974 965 1010 977 G
112 294 114 115 261 295 296 315 345 316 G
579 G
7 799 54 186 194 65 25 G
449 450 451 452 1029 1205 1206 1207 1208 1209 G
236 150 248 921 633 117 635 660 636 7 G
3 634 966 962 967 637 638 800 1009 875 G
209 261 116 296 315 345 316 318 326 320 G
638 639 800 801 875 802 389 1041 999 391 G
146 1018 147 1043 1260 1044 1045 1261 1532 G
855 1039 175 74 75 16 112 118 23 115 G
961 635 967 637 638 639 800 875 802 803 G
End: 

60
217
1000
217
Start: 28

20 G
1036 G
145 146 1018 1043 1260 1044 1045 1532 1047 1048 G
1230 701 1231 615 952 839 618 619 954 620 G
833 108 G
1533 376 1446 372 374 373 139 140 141 G
662 390 661 842 13 833 G
16 111 118 23 209 115 261 295 296 315 G
1534 365 367 368 141 370 373 371 415 G
19 222 G
43 G
1174 24 G
16 111 112 113 294 209 115 261 116 295 G
661 842 30 833 G
1007 41 0 17 256 258 22 260 426 427 G
1250 98 99 876 100 101 102 1192 878 1193 G
21 38 G
922 150 236 205 671 970 469 468 467 964 G
469 468 964 974 976 1010 977 379 412 506 G
275 19 G
269 109 G
109 269 108 G
1535 666 585 667 583 582 670 580 813 227 G
1153 1301 1347 1536 62 61 60 531 532 56 G
1036 G
1036 G
114 115 261 116 296 315 297 345 1349 318 G
205 671 396 469 467 964 974 965 976 977 G
875 895 803 662 390 999 842 G
236 963 205 671 971 468 467 964 965 976 G
399 398 G
317 324 323 379 412 506 507 1007 23 118 G
86 25 47 922 150 963 936 671 G
54 1394 194 86 25 921 922 150 236 G
379 412 378 507 1007 41 0 44 17 256 G
660 186 86 25 921 922 150 236 346 205 G
965 976 977 978 1023 979 1024 506 1007 41 G
390 999 842 30 31 G
895 803 662 999 842 30 13 G
617 953 618 954 620 955 956 957 G
676 G
1 G
803 389 390 999 391 842 30 G
1356 1355 1537 356 355 354 1538 1539 1540 G
23 115 261 116 378 379 323 324 325 317 G
568 37 G
922 935 236 963 936 671 970 469 467 G
23 115 261 116 296 315 323 325 317 318 G
951 451 452 779 1029 1206 1541 1207 1208 1209 G
1043 147 1018 146 145 144 932 1019 368 G
798 797 801 875 895 803 662 999 661 842 G
414 G
802 803 389 1041 999 391 G
256 G
1009 875 802 803 389 1041 999 G
30 31 G
629 1121 665 666 585 584 668 669 670 580 G
507 1007 1008 0 42 256 2 22 259 260 G
17 44 118 23 115 261 116 378 296 323 G
389 1041 999 391 30 G
End: 

60
237
1000
237
Start: 29

20 G
296 323 324 325 317 326 319 320 395 396 G
978 979 1024 506 1007 41 1008 0 35 G
621 955 956 957 1424 1290 1291 1542 1293 G
108 G
24 G
141 368 367 627 1026 628 G
9 G
297 345 1349 318 326 319 320 321 322 148 G
1008 0 44 G
1035 G
6 1543 1286 160 161 203 204 442 382 G
1393 G
222 38 276 21 4 223 224 136 135 134 G
61 62 63 1235 1301 1153 1236 958 959 G
43 G
30 G
24 G
296 315 297 316 1349 318 326 319 320 395 G
42 G
833 G
428 430 1078 432 433 434 1099 1083 1097 1100 G
66 67 275 69 70 71 72 73 1238 1507 G
956 1287 1424 1290 1291 1542 1293 1294 1391 1544 G
1545 1546 156 157 159 207 208 817 1480 340 G
286 1282 602 1283 604 1284 87 G
1035 G
1349 318 326 320 395 321 396 148 149 346 G
507 41 1008 0 35 G
952 617 953 619 620 955 1522 957 1287 G
702 616 617 839 618 619 620 621 1511 622 G
37 568 106 654 104 655 1239 656 502 G
964 974 965 317 325 323 379 412 378 506 G
1036 G
1036 G
326 319 395 321 322 148 149 346 128 G
676 G
978 379 412 506 507 1007 41 1008 0 G
1131 99 98 97 96 95 1135 1136 1249 1248 G
1010 977 1023 979 1024 506 507 41 1008 G
398 276 663 610 805 612 806 808 1226 G
970 971 468 467 964 965 976 1010 977 978 G
205 671 970 469 468 467 974 965 317 325 G
30 G
258 22 259 1037 426 427 428 429 430 431 G
1028 632 664 629 1121 665 666 585 G
936 671 970 971 972 975 964 965 976 1010 G
1 G
30 G
467 468 469 148 205 346 128 236 150 G
326 320 395 469 148 149 346 128 119 G
579 G
141 369 370 373 371 372 415 6 1543 377 G
414 G
999 G
395 321 396 149 337 128 119 G
414 G
1242 1243 694 1228 1335 697 698 1229 1230 701 G
1044 1260 147 1018 145 144 933 1019 368 G
30 G
End: 

