40
238
1000
238
Start: 40

88 G
117 379 380 381 758 759 760 899 900 G
901 902 903 904 905 906 907 908 909 G
109 409 89 161 249 248 246 G
196 G
334 335 133 134 44 45 46 47 49 G
354 355 356 357 501 358 502 560 503 504 G
46 47 48 49 50 51 52 23 24 25 26 27 G
506 288 73 74 75 76 77 78 79 80 G
36 35 585 586 587 588 589 590 591 G
215 417 213 418 419 277 279 280 G
51 52 24 23 25 26 27 28 29 G
157 200 156 155 154 675 153 234 235 236 237 G
49 50 51 52 23 24 25 26 27 G
214 G
243 251 252 395 630 669 670 671 742 G
726 725 724 723 710 711 712 713 714 715 G
430 413 414 415 416 191 192 193 194 G
522 523 910 432 433 434 435 436 524 437 264 265 G
109 409 89 161 249 248 G
256 257 258 259 260 261 262 274 273 391 271 384 G
243 252 395 668 630 669 741 670 671 672 G
409 89 161 249 248 247 246 245 G
63 159 158 329 200 201 202 203 204 205 407 G
355 356 357 501 358 607 502 560 503 504 505 506 G
268 423 G
70 82 11 263 10 0 1 9 2 3 5 6 G
201 507 115 114 508 113 112 111 41 40 812 G
49 50 51 52 23 24 25 26 27 28 G
364 462 363 362 360 463 359 518 464 445 330 233 G
114 508 113 112 111 41 40 38 37 36 35 G
196 466 307 308 911 309 310 499 438 420 354 129 G
153 234 535 235 236 237 G
115 114 113 112 111 41 40 38 37 G
13 14 15 16 17 18 19 30 G
57 286 G
263 11 69 82 70 71 83 84 85 G
401 64 63 159 158 157 200 G
173 172 171 170 222 81 223 G
172 171 170 222 81 223 80 G
End:

40
217
1000
217
Start: 41

222 81 223 80 79 680 77 76 368 369 370 G
161 89 90 160 318 319 320 321 117 162 163 G
356 404 355 354 238 237 G
401 399 253 255 398 658 657 656 912 123 G
196 G
51 52 23 24 26 27 28 29 30 31 G
53 106 427 428 429 410 411 412 413 414 415 416 G
26 27 28 29 30 31 124 125 G
41 40 38 37 36 35 34 32 G
116 224 646 650 648 651 G
30 31 124 125 126 127 303 G
189 190 191 192 193 194 195 654 666 G
710 711 712 713 714 715 913 914 915 G
153 234 535 235 236 237 238 G
494 303 127 126 300 526 527 G
247 246 245 243 252 395 668 630 669 741 G
640 639 246 245 243 252 395 G
7 81 223 80 79 680 76 G
484 G
493 494 303 127 126 300 526 527 G
423 116 224 646 650 648 651 G
8 7 81 222 171 172 G
29 30 31 124 125 126 127 G
9 0 10 11 69 82 70 71 83 84 G
360 463 359 464 445 330 233 231 230 G
130 131 132 488 152 151 421 148 422 660 146 G
495 498 299 127 126 300 526 527 G
274 262 261 260 259 258 276 256 255 253 G
364 462 363 362 360 463 359 464 445 330 G
420 354 129 130 500 132 488 152 151 G
362 360 463 359 464 445 330 233 653 231 230 G
142 806 140 139 137 136 86 135 G
81 223 80 79 680 77 76 368 369 370 371 G
117 118 119 121 122 241 123 93 G
30 G
464 445 233 231 230 228 227 446 226 225 G
763 764 213 214 417 215 808 216 217 G
323 205 204 203 201 115 114 G
488 G
260 261 262 274 273 391 271 384 561 562 G
End:

40
221
1000
221
Start: 42

800 320 319 520 160 161 G
370 371 564 372 373 374 375 376 G
164 165 166 167 168 169 405 406 608 609 G
236 235 234 153 154 155 156 G
123 122 121 119 118 117 162 163 164 G
201 507 200 156 155 154 675 153 234 535 235 G
805 804 803 799 G
124 125 126 127 303 299 298 G
332 333 334 335 133 43 134 44 G
217 378 377 397 566 814 567 727 726 G
376 403 358 357 356 404 355 354 238 237 236 G
449 G
299 298 297 304 221 305 220 219 G
369 370 371 564 372 373 374 375 G
16 15 14 13 328 327 638 476 475 790 474 G
527 536 551 659 G
403 358 357 356 404 355 354 238 237 236 235 G
295 916 294 293 291 290 917 289 288 74 75 G
457 458 459 685 686 687 688 107 62 826 G
242 42 G
449 G
174 175 177 178 180 181 183 184 G
303 299 298 297 304 221 305 220 G
85 86 135 489 137 138 139 140 141 806 142 133 G
354 238 237 236 235 234 153 G
228 227 446 226 225 72 71 70 82 69 G
594 611 612 482 G
145 267 143 268 423 484 224 646 647 648 651 652 661 G
527 536 551 659 G
233 232 331 332 333 334 335 G
873 889 885 884 918 881 880 879 919 876 875 G
232 332 333 334 335 133 43 134 G
65 63 159 158 329 157 200 201 203 204 G
93 94 68 67 66 65 63 159 158 329 157 200 156 G
30 56 105 54 53 106 427 428 429 G
481 G
309 242 42 G
217 32 33 585 586 588 589 G
335 133 43 134 44 46 47 G
372 373 374 375 376 403 547 358 628 357 G
End:

40
230
1000
230
Start: 43

421 149 148 422 G
403 358 628 357 356 404 355 354 238 G
299 298 297 304 221 305 219 218 32 G
196 G
235 234 153 744 154 155 156 200 201 G
246 639 640 641 642 643 745 746 G
807 104 103 102 101 100 98 97 96 95 G
376 403 358 628 357 356 404 355 354 G
544 543 542 541 517 613 516 292 614 G
711 710 709 722 920 921 922 G
140 139 738 137 136 86 85 649 84 G
186 187 188 189 190 191 192 193 194 195 654 G
542 544 546 501 358 628 357 356 G
488 G
248 249 161 89 90 91 92 325 93 94 68 G
785 923 839 775 767 768 769 770 23 266 52 G
467 188 189 190 191 192 193 194 195 654 G
453 454 455 456 457 781 799 803 804 G
46 47 48 49 50 51 52 23 24 25 26 27 G
61 60 59 239 240 250 626 286 G
359 464 445 330 233 232 331 332 333 334 335 G
98 97 96 95 636 205 743 204 203 G
219 218 32 217 216 215 417 214 G
133 43 134 44 45 46 47 48 49 50 51 52 G
11 263 10 0 1 9 2 3 4 5 6 G
6 5 4 2 9 0 10 11 69 82 70 71 83 G
220 221 304 297 298 299 303 127 126 G
330 233 232 331 332 333 334 335 142 806 877 140 G
268 G
85 86 135 873 889 885 884 918 881 880 879 G
73 74 75 76 77 78 79 80 81 G
44 46 47 48 49 50 51 52 24 23 G
150 152 57 286 G
482 G
42 G
614 292 516 517 541 542 543 544 823 886 822 G
590 591 592 594 611 612 G
501 546 544 543 541 517 G
36 35 585 586 587 588 589 590 G
356 355 354 238 236 235 G
End:

40
233
1000
233
Start: 44

422 660 G
238 236 235 234 153 154 155 156 G
377 378 217 32 33 G
119 120 121 122 123 93 94 68 67 66 G
216 215 417 214 213 774 418 419 277 279 G
924 925 926 827 927 G
449 268 143 144 145 146 147 148 G
175 177 178 G
213 418 419 277 278 279 280 690 281 282 G
222 171 172 173 174 175 177 178 180 181 182 183 184 301 G
417 214 213 418 419 277 928 929 G
354 238 237 236 235 234 153 154 155 G
162 117 118 119 120 121 122 123 93 G
261 260 259 258 276 256 255 253 G
614 514 513 930 511 135 86 G
83 72 71 70 82 11 263 10 0 1 2 G
643 853 640 639 854 246 245 629 243 251 252 G
407 353 519 352 108 109 409 89 161 G
484 423 116 449 450 451 452 453 454 455 456 G
359 518 464 445 233 232 331 332 333 334 335 133 G
68 67 66 65 63 62 688 687 G
364 363 362 360 463 359 464 445 233 232 332 G
805 150 674 152 57 G
27 28 29 30 56 105 426 54 G
286 626 131 287 627 129 238 237 438 439 G
133 43 134 44 46 47 48 49 50 51 52 G
449 268 143 144 145 146 147 148 149 150 152 G
482 G
523 432 433 434 435 436 437 264 265 26 27 G
201 507 200 156 155 154 153 234 235 G
213 418 419 277 928 929 931 G
176 177 178 180 181 182 183 184 301 302 G
139 738 137 136 86 85 649 G
286 G
355 356 357 501 546 544 543 G
726 727 567 728 397 377 378 217 32 33 G
264 437 605 435 434 433 432 677 523 522 G
591 592 594 611 G
28 29 30 31 124 125 126 300 526 527 G
234 153 154 155 156 200 201 G
End:

40
218
1000
218
Start: 45

246 245 G
33 34 35 36 37 38 39 40 41 G
277 279 280 690 281 282 283 284 285 465 G
196 G
329 157 200 201 115 114 508 113 112 111 41 G
279 280 281 282 283 284 285 465 696 G
276 256 255 253 813 399 401 G
690 281 282 283 284 285 465 696 697 G
172 174 175 177 178 180 181 183 184 301 G
156 155 154 153 234 235 236 237 238 354 G
929 931 932 933 G
2 3 4 5 6 7 81 222 480 171 172 G
154 155 G
146 145 143 268 G
165 164 163 162 117 118 119 121 G
725 726 727 567 728 729 730 731 732 577 G
306 G
686 685 459 458 457 781 456 455 454 G
333 334 335 133 43 134 44 45 46 47 48 G
57 G
53 106 427 428 429 410 411 412 413 414 415 G
724 725 726 727 567 728 397 377 378 217 32 G
27 28 29 30 31 124 125 126 127 303 G
235 236 237 238 354 355 356 357 501 G
932 G
433 432 677 522 G
138 140 474 896 475 476 637 638 327 13 14 G
649 83 225 226 446 227 228 G
31 124 125 126 127 303 299 298 G
585 34 32 217 378 377 397 566 814 567 727 G
151 150 805 804 803 799 781 G
255 398 253 399 401 64 63 G
201 202 203 204 205 407 408 353 519 352 G
543 541 517 613 516 292 614 514 513 930 511 G
176 174 173 172 171 170 222 81 223 80 G
33 34 35 36 37 38 39 40 G
612 G
86 85 649 84 83 225 226 227 G
611 G
204 205 407 408 353 519 352 108 109 G
End:

40
222
1000
222
Start: 46

631 736 735 934 901 902 903 904 905 906 G
111 112 113 447 115 507 201 G
57 G
205 G
135 489 136 137 138 G
196 G
415 416 191 192 193 194 195 654 666 G
81 223 80 79 680 77 76 368 369 370 371 G
156 200 G
261 260 259 258 276 256 255 G
172 174 175 177 178 180 181 183 184 693 G
723 710 711 712 713 714 715 914 915 935 G
321 117 162 163 164 165 166 167 168 G
81 7 8 6 5 4 3 2 9 1 0 G
306 G
452 451 450 534 449 G
165 164 163 162 117 118 119 120 121 G
57 G
42 G
57 G
32 33 34 35 36 37 38 39 40 41 111 112 G
303 299 298 297 304 221 305 220 219 218 G
501 546 599 544 823 543 541 517 G
360 359 464 445 233 232 331 333 334 335 G
171 170 222 81 223 80 79 680 77 76 368 G
14 15 16 17 18 19 30 G
691 692 699 700 701 702 703 704 705 936 G
127 126 300 125 124 31 30 29 28 27 G
727 726 725 724 723 710 711 712 713 714 G
159 158 329 157 200 201 202 203 204 205 407 G
352 108 109 409 89 G
511 135 86 85 649 83 225 226 227 G
42 G
80 79 680 77 76 368 369 370 371 564 372 G
227 228 230 G
276 256 255 253 399 401 64 63 G
611 612 482 G
527 G
4 2 9 0 10 11 69 82 70 71 G
409 89 161 249 248 247 246 245 243 G
End:

40
199
1000
199
Start: 47

800 320 319 520 318 160 89 409 108 351 496 G
29 30 31 124 125 126 127 303 G
196 G
44 134 133 335 142 806 140 139 137 G
57 286 132 487 486 549 G
127 303 494 493 128 87 88 21 22 196 G
225 226 446 227 228 230 231 232 331 332 G
370 371 564 372 373 374 375 376 403 G
447 115 448 483 156 157 158 63 G
253 399 401 64 63 159 158 329 157 200 G
360 463 359 464 445 233 231 230 228 227 G
688 107 62 63 159 158 329 200 201 202 G
13 14 15 16 17 18 19 30 31 124 G
656 912 123 122 121 119 118 117 G
220 219 218 32 G
306 G
449 G
224 116 449 143 144 815 G
124 125 126 127 303 299 G
258 275 276 256 255 253 399 401 G
57 286 626 131 287 627 G
242 G
273 274 262 261 260 259 258 276 256 G
297 304 221 305 220 219 218 32 217 G
46 44 134 133 335 333 332 232 G
57 286 132 487 486 549 374 372 G
220 219 218 32 33 585 G
466 196 197 198 58 199 12 13 14 15 G
218 32 217 216 215 417 214 213 764 763 762 G
598 419 418 937 213 214 417 215 808 216 217 G
30 56 105 54 53 106 427 428 G
216 215 417 214 213 418 419 277 279 G
407 353 519 352 108 351 496 497 311 G
89 161 249 248 247 246 245 243 252 G
42 G
482 466 196 197 198 58 199 12 13 14 G
95 96 97 98 99 100 101 102 103 104 762 G
268 423 116 224 646 650 G
527 G
125 126 127 303 299 298 297 G
End:

40
283
1000
283
Start: 48

247 246 245 629 243 252 568 395 630 G
497 311 347 346 938 632 631 736 735 901 G
196 G
35 34 32 217 218 219 220 G
223 80 79 77 76 368 369 370 371 372 373 G
353 352 108 109 409 89 161 249 248 G
19 30 56 105 426 54 53 G
333 334 335 133 43 134 44 45 46 47 G
544 543 541 517 613 516 292 614 514 513 G
358 628 357 356 404 355 354 238 236 G
90 G
126 127 303 494 493 128 87 88 21 22 G
226 225 83 84 85 86 135 873 885 G
419 277 279 280 690 281 282 283 284 285 G
125 126 127 303 299 298 297 G
643 745 746 747 748 749 750 751 752 794 G
89 160 318 319 320 321 117 162 G
449 G
204 203 202 201 507 115 114 113 112 111 G
238 237 236 235 234 153 154 155 156 200 G
255 253 813 399 401 64 63 159 158 G
232 233 231 230 478 228 227 446 226 225 G
42 G
564 370 369 76 77 79 80 81 222 171 G
586 588 589 591 851 592 593 594 611 612 482 481 G
7 8 6 5 4 3 2 9 1 0 10 G
25 27 28 29 30 31 124 125 126 G
217 32 33 34 35 36 37 38 39 41 G
147 185 149 150 674 152 57 286 626 131 287 G
429 410 411 413 414 415 416 G
771 62 107 64 66 68 93 123 G
17 18 19 30 29 G
255 256 257 258 259 260 261 262 274 391 271 G
763 764 213 214 417 215 G
12 13 14 15 16 17 18 G
527 536 551 659 186 187 189 190 191 192 G
232 332 333 334 335 133 43 134 44 45 46 G
304 221 305 220 219 218 32 217 216 G
901 902 903 904 905 906 907 908 909 939 940 G
161 89 160 G
End:

40
208
1000
208
Start: 49

902 903 904 905 907 908 941 942 943 944 945 G
196 466 G
221 296 304 297 298 299 127 126 G
374 549 485 486 487 488 G
53 106 427 428 429 410 411 430 413 414 G
136 135 873 889 885 884 G
78 79 80 81 222 170 171 172 173 174 G
402 234 153 154 155 156 200 201 G
236 235 234 153 154 155 156 200 G
458 781 799 803 804 G
166 443 444 163 162 117 477 800 320 319 520 318 160 G
885 884 918 881 880 879 876 875 G
163 164 165 166 167 168 169 405 406 601 G
306 196 G
449 G
946 313 312 311 347 346 947 938 632 631 736 G
306 G
200 201 115 114 508 113 112 111 G
242 G
488 G
28 29 30 31 124 125 126 127 303 G
205 407 353 352 108 109 409 89 G
171 172 174 175 176 177 178 180 181 183 G
254 255 256 257 258 259 260 261 262 274 391 271 384 G
481 G
10 11 69 70 71 72 225 226 G
735 934 901 902 903 904 906 907 908 909 G
111 112 113 447 115 448 483 948 831 832 833 834 G
237 236 235 402 234 153 154 155 G
54 53 106 427 428 429 410 411 412 413 G
627 129 238 236 235 234 153 154 G
425 G
0 10 11 69 70 71 72 225 G
226 225 83 84 85 86 135 889 G
42 G
234 153 154 155 156 200 201 202 G
19 30 29 28 27 26 265 264 G
355 356 357 501 358 502 560 503 504 506 G
37 36 35 34 32 217 218 G
160 318 319 320 477 117 162 163 164 165 166 167 G
End: