40
186
1000
186
Start: 0

0 1 2 3 4 5 6 7 G
7 8 6 5 4 2 9 1 0 10 11 G
12 13 14 15 16 17 18 19 G
20 21 22 G
23 24 25 26 27 28 29 30 31 G
32 33 34 35 36 37 38 39 40 41 G
42 G
43 44 45 46 47 48 49 50 51 52 23 24 G
53 54 55 56 30 19 18 17 16 15 G
22 G
57 G
58 12 13 14 15 16 17 18 19 G
59 60 61 62 63 64 65 66 67 68 G
3 2 9 1 0 10 11 69 70 71 72 G
73 74 75 76 77 78 79 80 81 G
11 69 82 70 71 83 84 85 86 G
87 88 21 22 G
89 90 91 92 93 94 68 67 66 65 G
95 96 97 98 99 100 101 102 103 104 G
16 17 18 19 30 56 105 54 53 106 G
59 61 62 107 64 66 68 93 G
57 G
108 109 89 91 110 92 93 94 68 67 G
35 36 37 38 39 41 111 112 113 114 115 G
13 14 15 16 17 18 19 30 G
116 G
117 118 119 120 121 122 123 93 G
18 19 30 31 124 125 126 127 G
128 87 88 21 G
22 G
129 130 131 132 G
133 134 44 45 46 47 49 51 52 G
22 G
86 135 136 137 138 139 140 141 142 133 G
143 144 145 146 147 148 149 150 151 152 57 G
153 154 155 156 157 158 159 63 64 G
160 161 89 90 91 92 93 G
118 117 162 163 164 165 166 167 168 169 G
170 171 172 173 174 175 176 177 178 179 180 181 182 183 184 G
144 146 147 185 148 149 150 152 57 G
End:

40
181
1000
181
Start: 1

7 G
186 187 188 189 190 191 192 193 194 195 G
196 197 198 58 199 12 13 14 15 16 G
123 93 G
154 155 156 200 201 202 203 204 205 G
11 69 82 70 71 83 84 85 86 135 G
206 207 208 209 210 211 212 G
213 214 215 216 217 32 218 219 220 221 G
196 G
174 173 171 170 222 81 223 80 G
22 G
25 26 27 28 29 30 31 124 125 126 G
22 G
224 G
225 226 227 228 229 230 231 232 233 G
22 G
200 156 155 154 153 234 235 236 237 238 G
57 G
66 65 64 63 62 61 60 59 239 240 G
207 208 209 210 211 212 121 122 241 G
116 G
242 G
52 23 24 25 27 28 29 30 31 124 125 G
22 G
243 244 245 246 247 248 249 161 G
43 134 44 45 46 47 48 49 50 51 52 G
217 32 33 35 36 37 38 39 G
250 240 239 59 60 61 62 107 63 64 65 G
89 161 249 248 246 245 243 251 252 G
68 67 65 64 63 107 62 61 59 239 G
253 254 255 256 257 258 259 260 261 262 G
11 263 0 1 9 2 3 5 6 8 G
122 241 123 G
264 265 26 24 23 266 52 51 49 G
145 267 143 268 G
67 68 93 269 92 270 91 90 89 161 G
7 G
22 G
196 G
271 272 273 274 262 261 260 259 258 275 276 256 G
End:

40
229
1000
229
Start: 2

277 278 279 280 281 282 283 284 285 G
57 286 132 131 287 G
75 74 288 289 290 291 292 293 294 295 G
221 296 297 298 299 127 126 300 G
176 177 178 180 181 183 184 301 302 G
127 303 299 298 297 304 221 305 220 G
306 196 307 308 242 309 310 G
22 G
311 312 313 314 315 316 317 G
89 90 160 318 319 320 321 117 162 G
22 G
224 116 268 143 144 G
204 205 322 323 324 325 93 326 123 122 121 212 G
327 328 13 14 G
72 70 82 69 11 263 10 0 1 2 3 4 G
22 G
286 G
158 329 157 200 156 155 154 153 234 235 236 G
330 233 232 331 332 333 334 335 133 G
336 337 338 339 340 341 342 343 344 345 G
57 286 131 287 129 G
346 347 311 348 349 350 351 108 352 353 G
237 354 355 356 357 358 G
242 G
216 217 G
359 360 361 362 363 364 365 366 367 G
22 G
368 369 370 371 372 373 374 375 376 G
377 378 217 32 33 34 35 36 37 G
66 67 68 93 92 270 91 90 89 G
119 118 117 379 380 381 382 383 G
271 384 385 386 387 388 389 390 G
274 273 391 271 G
46 47 392 393 328 13 14 15 16 17 18 G
317 G
161 249 248 246 394 245 243 251 252 395 G
22 G
196 G
396 397 377 378 217 32 33 34 35 36 G
256 255 398 253 399 400 401 64 63 G
End:

40
192
1000
192
Start: 3

335 133 43 134 44 45 46 47 48 49 50 51 G
131 287 129 238 237 236 235 402 234 153 154 G
241 123 93 G
22 G
295 9 2 3 5 6 8 7 G
125 124 31 30 29 28 27 26 24 G
374 375 376 403 358 357 356 404 355 354 G
22 G
262 261 260 259 258 276 256 255 253 G
21 G
42 G
163 164 165 166 167 168 169 405 406 G
204 205 407 408 353 352 108 109 409 89 G
410 411 412 413 414 415 416 G
22 G
286 G
286 G
68 67 66 65 64 63 62 61 60 59 239 240 G
123 93 325 324 323 205 G
413 414 415 416 G
217 216 215 417 214 213 418 419 277 G
242 G
217 32 33 G
420 238 129 130 131 132 G
421 148 422 146 145 267 143 268 423 424 425 G
22 G
162 163 164 165 166 167 168 169 405 G
426 54 53 106 427 428 429 410 411 430 G
431 G
432 433 434 435 436 437 264 265 26 G
238 237 438 439 440 309 242 G
42 G
32 217 216 441 215 417 213 418 419 G
442 443 444 G
271 272 273 274 262 261 260 259 258 275 276 G
22 G
445 233 231 230 228 227 446 225 72 G
37 38 39 40 41 111 112 113 447 115 448 G
159 158 329 200 201 115 114 113 112 G
26 27 28 29 30 31 124 125 126 127 G
End:

40
193
1000
193
Start: 4

7 81 222 171 172 G
23 266 51 49 46 44 134 133 335 G
449 450 451 452 453 454 455 456 457 458 459 G
132 286 460 240 461 59 61 G
364 462 363 362 360 463 359 464 445 330 233 G
419 277 279 280 281 282 283 284 285 465 G
421 149 148 422 146 145 267 268 G
22 466 G
156 200 201 202 203 G
22 196 466 307 G
190 189 188 467 468 469 470 471 472 473 G
140 474 475 476 G
22 196 466 307 308 309 G
171 170 222 81 7 8 6 G
320 477 117 162 163 164 165 166 167 168 G
22 196 G
286 G
464 445 233 231 230 478 228 227 446 226 225 G
172 171 170 222 81 7 8 G
24 25 27 28 29 30 31 124 125 G
80 7 81 222 171 172 174 175 479 177 178 G
242 42 307 G
77 79 80 81 222 480 171 172 174 175 G
242 42 481 482 G
348 349 351 108 109 89 91 92 325 93 94 68 G
22 196 466 307 308 G
413 414 415 416 191 192 193 194 195 G
483 156 157 158 63 G
484 G
242 G
431 466 307 242 309 310 G
485 486 487 488 G
26 27 28 G
469 470 471 472 473 125 126 127 303 G
85 86 135 489 137 138 139 140 474 475 476 G
487 488 G
196 466 307 308 309 G
71 70 82 11 263 0 1 2 3 5 G
448 483 490 156 200 157 158 63 G
112 111 41 40 38 37 36 35 34 G
End:

40
197
1000
197
Start: 5

125 126 127 303 G
466 307 308 309 310 438 G
172 174 175 176 177 178 180 181 183 184 G
466 431 22 21 20 491 492 128 493 494 303 G
235 234 153 154 G
63 158 329 157 200 156 154 153 G
22 431 466 307 308 242 309 G
242 42 466 431 21 20 491 492 495 G
307 G
204 322 205 407 408 353 352 108 351 496 497 G
154 155 G
286 132 487 G
153 234 235 236 237 G
286 132 G
250 G
40 38 37 36 35 34 32 217 G
42 466 431 21 20 491 492 495 498 G
126 127 303 494 493 128 87 88 20 21 G
309 310 499 438 420 354 129 130 500 131 132 G
356 357 501 358 502 503 504 505 506 G
484 G
118 117 379 380 381 G
205 204 203 202 201 507 115 114 508 113 112 G
401 509 399 510 253 254 255 256 257 258 259 G
242 G
85 86 511 512 513 514 515 292 516 517 G
4 2 9 1 0 10 11 69 82 70 71 G
310 438 420 238 129 130 131 132 G
286 G
462 363 362 360 463 359 518 464 445 330 233 232 G
329 200 201 202 203 204 205 407 408 353 519 G
488 132 286 G
319 520 318 160 161 249 248 247 246 245 243 G
466 431 521 21 20 491 492 495 494 303 127 G
201 115 114 113 112 111 41 40 38 37 36 G
163 164 165 166 167 168 169 405 406 G
336 522 523 432 433 434 435 436 524 437 G
488 132 286 460 250 G
6 7 81 222 480 171 172 525 174 175 479 177 G
34 32 217 218 219 220 221 296 304 G
End:

40
224
1000
224
Start: 6

303 299 298 297 G
420 354 238 129 130 131 G
303 127 126 300 526 527 G
362 363 462 364 365 366 367 528 529 530 531 532 533 G
456 455 454 452 451 450 534 449 116 G
244 245 394 246 247 248 249 161 89 G
130 131 G
234 535 235 236 237 G
309 310 438 420 354 238 129 130 131 G
527 536 469 468 467 188 189 190 191 192 G
497 311 312 313 314 316 537 538 539 540 G
541 542 543 544 545 546 501 358 547 403 376 375 G
303 299 298 297 304 G
433 434 435 436 524 437 264 265 G
494 303 127 126 300 526 527 G
548 487 486 549 374 375 376 403 358 G
218 550 219 220 305 221 296 297 298 299 G
232 233 G
129 130 287 131 G
536 551 469 468 467 188 189 190 191 192 193 194 195 G
506 288 73 74 75 76 77 78 79 80 G
424 425 552 553 554 555 556 557 558 559 G
502 560 503 504 505 506 288 73 74 75 G
154 155 G
260 261 262 274 273 391 271 384 385 561 562 G
423 268 143 144 146 147 185 149 150 G
242 42 307 466 196 197 198 G
154 G
487 488 132 286 460 250 240 239 59 563 61 G
132 G
132 487 486 549 374 373 372 564 370 369 G
232 332 333 334 335 133 43 134 44 45 46 G
308 309 310 499 438 420 354 355 356 357 G
199 565 198 306 196 G
250 460 286 132 487 486 549 374 G
35 34 32 217 378 377 397 566 567 G
264 265 26 24 23 266 52 G
240 461 239 59 60 61 62 107 63 159 158 G
132 G
297 298 299 127 126 300 125 124 G
End:

40
178
1000
178
Start: 7

219 220 221 296 304 297 298 299 127 G
64 63 159 158 329 157 200 G
243 252 568 395 569 570 571 572 573 G
218 219 220 574 575 576 577 578 G
81 7 G
527 G
286 G
90 160 318 579 319 320 321 117 162 163 164 165 G
237 238 354 355 356 357 G
131 G
193 194 580 581 582 583 584 G
63 107 401 399 510 253 254 G
171 170 222 81 G
274 262 261 260 259 258 275 276 256 G
268 G
205 323 324 93 94 67 65 63 159 G
357 356 404 G
303 127 126 300 125 124 31 30 29 28 G
527 G
354 129 130 500 G
132 G
46 47 48 49 50 51 52 23 24 26 27 G
75 76 77 79 80 G
585 586 587 588 589 590 591 592 593 594 G
131 G
359 464 445 330 233 232 331 332 333 334 335 G
58 12 13 14 15 16 17 18 19 G
233 330 595 359 360 362 363 462 364 365 G
62 107 63 64 65 66 67 68 93 326 123 G
159 158 329 157 G
357 358 547 403 376 375 596 374 G
597 598 419 418 213 214 417 G
196 G
527 G
401 64 63 159 158 329 G
329 157 200 G
357 358 547 403 376 375 596 374 373 G
131 G
132 G
124 31 30 29 28 27 26 265 264 437 G
End:

40
169
1000
169
Start: 8

126 300 125 124 31 30 29 28 27 26 G
200 201 203 204 205 407 353 352 108 G
354 355 356 357 501 546 599 544 G
172 174 175 177 178 600 180 181 183 184 G
7 8 6 5 4 3 2 9 0 10 11 69 G
131 G
24 25 26 27 28 29 30 31 124 125 G
205 407 408 353 519 352 108 409 89 G
222 170 171 172 173 174 175 176 177 178 G
165 166 167 168 169 405 406 601 602 603 604 G
29 28 27 26 265 264 437 605 435 434 G
52 23 24 25 26 27 28 29 30 31 124 G
131 G
130 G
408 353 519 352 108 351 496 497 311 312 G
223 80 79 77 76 368 370 371 564 372 G
268 423 G
364 365 366 367 529 530 531 532 533 606 G
500 G
57 286 132 G
607 502 503 504 505 506 288 73 74 75 G
249 248 246 245 243 252 568 395 G
28 27 26 265 264 437 605 436 435 434 433 432 G
482 G
357 501 358 502 503 505 506 G
167 168 169 405 406 608 609 603 604 610 G
28 29 30 31 124 125 126 127 G
7 81 222 171 172 173 174 175 176 177 G
57 G
594 611 612 482 G
57 G
30 56 G
501 358 357 356 404 355 354 238 237 236 G
196 G
527 G
335 333 332 331 232 233 231 230 G
157 200 201 202 203 204 205 407 353 352 G
218 219 220 305 221 296 297 298 299 G
27 28 29 30 31 124 125 126 G
132 G
End:

40
187
1000
187
Start: 9

68 326 93 92 270 91 90 160 318 319 G
418 419 277 278 279 280 281 282 283 284 285 G
544 543 541 517 613 516 292 614 514 513 G
615 616 617 618 619 620 621 622 623 624 625 G
527 G
527 536 G
125 126 127 303 299 298 297 304 221 G
89 161 249 248 246 245 243 252 G
626 131 287 627 129 238 237 438 439 G
527 G
125 126 127 303 299 298 297 304 G
131 132 548 487 486 549 374 596 372 564 G
130 500 131 132 488 152 151 G
372 373 374 375 376 403 358 628 357 356 404 355 G
132 131 287 129 238 237 420 438 439 G
25 26 265 264 437 605 436 435 434 G
360 463 359 464 445 233 232 331 332 333 334 G
615 616 617 619 620 621 622 623 624 G
527 536 G
482 G
506 288 73 74 75 76 77 79 80 81 222 G
481 G
248 247 246 245 629 243 252 395 630 G
482 G
631 632 633 346 347 311 348 349 351 108 G
131 132 57 152 151 149 G
286 132 131 287 129 238 237 420 438 G
488 152 151 421 148 422 146 145 267 268 G
235 234 153 154 155 156 157 158 63 G
221 296 304 297 298 299 127 126 G
196 G
527 536 G
500 131 132 488 152 151 421 149 G
527 536 G
230 478 228 227 446 225 72 71 70 82 G
488 57 152 151 421 149 148 422 146 145 143 268 G
303 127 126 300 473 125 124 31 30 29 G
126 127 303 299 298 297 304 221 305 G
132 57 152 151 150 149 148 422 147 146 145 144 G
548 487 486 549 374 372 564 634 370 369 76 G
End: