40
198
1000
198
Start: 10

319 320 321 G
97 96 95 635 636 205 322 323 324 93 G
138 140 474 475 476 637 638 327 328 13 14 G
246 639 640 641 642 643 644 645 G
42 G
126 127 303 299 298 297 304 221 305 220 G
484 G
146 145 267 143 268 423 224 646 647 648 G
86 85 649 84 83 225 226 227 228 230 231 G
354 238 237 236 235 234 153 154 155 G
634 370 369 76 77 79 80 7 81 222 G
362 360 463 359 464 445 233 231 230 478 228 G
355 354 238 236 235 402 234 153 154 G
30 29 28 27 26 265 264 437 605 435 G
218 32 33 35 36 37 G
171 172 174 175 177 178 180 181 182 G
482 G
484 G
116 423 G
148 422 146 145 143 268 423 116 224 646 G
146 145 143 268 423 116 224 646 650 648 G
145 267 143 268 423 224 646 390 650 648 651 652 G
109 89 91 92 93 94 67 65 63 G
360 463 359 518 464 445 330 233 653 231 230 478 228 227 G
439 309 242 G
124 125 126 127 303 299 298 297 G
413 414 415 416 191 192 193 194 195 654 G
63 64 65 66 67 68 93 326 123 655 656 657 658 398 G
196 G
551 659 467 188 189 190 191 192 193 194 G
224 116 G
148 422 660 146 145 267 143 268 423 224 646 G
551 659 186 187 188 189 190 191 192 193 G
536 551 659 186 467 188 189 190 191 192 G
69 11 263 10 0 1 2 3 4 5 6 G
423 224 646 650 648 651 652 661 662 663 664 665 G
29 28 27 26 265 264 437 605 436 435 434 G
220 219 218 32 217 216 215 417 G
143 268 116 224 646 390 650 648 651 652 661 662 G
77 78 79 80 81 222 171 172 174 175 G
End:

40
217
1000
217
Start: 11

15 16 17 18 19 30 56 G
192 193 194 580 581 582 583 584 G
219 218 32 217 216 215 417 214 213 G
484 G
242 G
231 232 233 330 595 359 463 360 362 363 G
192 193 194 195 654 666 667 583 584 G
191 192 193 194 195 654 666 583 G
216 215 417 213 418 419 277 278 279 280 G
245 243 252 568 395 668 630 669 670 671 672 673 G
147 185 149 150 674 152 57 286 G
228 230 231 232 233 330 595 359 463 G
329 157 200 156 155 154 675 153 234 235 236 G
549 485 486 487 488 G
224 646 650 648 651 652 661 662 676 G
155 156 200 201 G
435 434 433 432 677 522 678 679 G
81 80 79 680 77 76 368 369 370 371 372 373 G
484 G
191 192 193 194 195 654 582 583 584 G
52 23 24 26 27 28 29 30 31 124 G
194 195 654 666 582 583 584 681 G
466 196 197 198 58 199 12 13 14 G
466 196 197 198 58 199 13 328 393 G
213 418 419 277 598 597 682 683 684 G
204 205 407 408 353 519 352 108 351 496 497 G
456 457 458 459 685 686 687 688 107 G
482 466 196 197 198 58 199 12 G
158 157 200 156 154 153 234 535 235 G
226 225 71 83 84 689 85 86 135 511 512 513 514 G
123 93 324 323 205 636 635 G
242 G
418 419 277 278 279 280 690 281 282 283 284 G
274 262 261 260 259 258 276 256 255 G
193 194 195 654 666 667 584 G
192 193 194 195 654 666 582 583 584 G
425 G
8 7 81 222 480 171 172 174 175 177 G
433 432 677 522 678 679 691 692 G
175 177 178 180 181 183 184 693 301 302 G
End:

40
240
1000
240
Start: 12

117 162 163 164 165 166 167 168 169 405 G
171 170 222 81 223 80 79 77 76 368 369 370 G
45 46 47 48 49 50 51 52 G
362 363 462 364 365 366 367 529 530 531 532 533 G
105 54 53 106 427 428 429 410 411 412 413 G
694 695 633 346 347 311 348 349 496 351 108 G
42 G
418 419 277 278 279 280 690 281 282 283 284 G
281 282 283 284 285 465 696 697 698 G
42 G
363 364 365 366 367 528 529 530 531 532 533 606 G
280 281 282 283 284 285 465 696 697 G
203 204 205 407 408 353 352 108 109 409 G
286 G
360 362 363 364 365 366 367 529 530 531 532 G
237 354 355 356 357 501 358 502 G
132 286 250 240 461 239 59 61 62 G
126 300 473 125 124 31 30 29 28 27 26 G
691 692 699 700 701 702 703 704 705 G
242 G
374 549 485 486 487 488 132 131 287 G
336 706 707 430 412 708 429 428 G
484 423 268 143 144 G
709 710 711 712 713 714 715 716 717 718 G
114 115 507 201 202 203 204 205 G
164 163 162 117 118 119 120 121 122 241 G
176 174 173 171 170 222 81 223 80 79 G
125 126 127 303 299 298 297 304 221 G
14 13 327 638 476 475 474 140 139 G
423 268 143 144 146 147 148 149 G
174 173 171 170 222 81 223 80 79 680 77 76 G
311 312 313 314 315 316 317 537 538 539 719 G
236 237 238 354 355 356 357 501 358 G
81 80 79 77 76 368 369 370 371 564 372 G
96 97 98 99 100 101 102 103 104 720 G
441 215 417 214 213 418 419 277 278 279 280 G
364 462 362 721 360 463 359 464 445 233 G
196 G
425 484 423 G
722 709 710 723 724 725 726 727 567 728 G
End:

40
229
1000
229
Start: 13

371 564 372 373 374 375 376 403 358 628 G
723 724 725 726 727 567 728 397 377 G
109 409 89 90 160 318 319 320 321 117 162 G
148 149 150 152 57 G
522 523 432 433 434 435 436 437 264 265 G
242 G
143 144 146 147 185 148 149 150 152 G
566 728 729 730 731 732 577 578 733 734 G
89 161 249 248 247 246 245 243 251 252 G
286 G
330 233 232 331 332 333 334 335 133 43 134 G
545 546 501 358 357 356 404 355 354 238 G
62 107 63 64 65 66 67 68 94 93 92 91 G
108 109 409 89 161 248 246 245 G
26 265 264 437 605 436 435 434 433 432 G
242 G
174 173 172 171 170 222 81 223 80 79 680 77 G
680 77 76 368 369 370 371 564 372 373 374 375 G
221 305 219 218 32 217 216 441 215 417 214 G
724 725 726 727 567 728 397 377 378 217 32 33 G
735 736 631 694 695 633 346 347 311 737 348 G
155 156 157 158 63 64 65 66 68 G
139 738 136 86 85 649 84 83 72 71 70 82 G
151 152 57 G
484 423 268 143 144 145 146 G
76 368 369 370 564 372 373 374 375 376 G
56 105 54 53 106 427 428 429 G
358 502 560 503 504 G
373 374 375 376 403 358 357 356 404 355 354 G
8 5 4 2 9 1 0 10 11 69 G
280 690 281 282 283 284 285 465 696 697 G
332 232 233 231 230 478 228 227 446 226 G
196 G
200 201 115 114 508 113 112 111 41 G
737 348 349 351 108 352 353 408 205 204 G
423 268 143 144 146 147 185 149 150 G
268 143 144 146 147 148 149 150 674 152 G
394 246 639 640 641 642 643 G
484 423 268 143 144 145 146 147 185 148 G
214 417 215 216 217 32 218 219 G
End:

40
230
1000
230
Start: 14

353 408 407 205 636 635 96 97 98 739 740 G
204 203 201 507 200 156 154 153 234 G
57 G
57 G
734 536 471 472 473 125 124 31 30 29 28 G
286 G
79 80 7 81 222 171 172 174 175 479 177 178 G
237 236 235 234 153 154 155 156 157 329 158 G
91 90 89 161 249 248 247 246 245 243 G
245 243 252 395 630 669 741 670 671 742 672 G
242 G
57 G
76 368 369 370 371 564 372 373 374 596 375 G
364 462 363 362 721 360 463 359 464 445 330 G
93 326 123 122 121 212 211 210 G
375 376 403 358 628 357 356 404 355 354 G
213 418 419 277 278 279 280 281 282 283 284 G
348 349 350 351 108 352 353 408 407 205 743 204 G
69 11 263 10 0 1 2 3 5 6 7 G
415 416 191 192 193 194 195 654 666 582 583 G
146 147 148 149 150 152 57 G
728 729 731 732 577 578 733 734 536 471 472 G
501 546 599 544 543 541 517 613 G
410 411 430 413 414 415 416 191 192 193 G
324 323 322 205 636 635 95 96 97 G
505 506 288 74 75 76 77 79 80 G
354 238 237 236 235 234 153 154 155 156 G
242 G
70 71 83 84 85 86 135 489 137 G
71 70 82 69 11 263 0 1 9 2 3 G
225 72 71 70 82 69 11 263 0 G
232 331 332 333 334 335 133 43 134 44 G
233 232 332 333 334 335 133 43 134 G
150 152 57 G
733 734 536 471 472 473 125 124 31 30 G
152 57 G
37 38 39 40 41 111 112 113 447 114 448 G
370 371 564 372 373 374 375 376 403 G
371 564 372 373 374 375 376 403 358 357 G
220 221 296 297 298 299 127 126 G
End:

40
203
1000
203
Start: 15

744 154 155 156 200 201 202 203 204 205 G
591 592 593 594 611 482 G
234 235 236 237 238 354 355 356 357 G
42 G
42 G
57 286 132 131 287 627 129 238 420 G
47 392 328 13 14 15 16 17 18 G
57 286 131 287 129 238 G
28 27 26 24 23 266 52 51 49 G
286 131 287 627 129 238 237 G
26 27 28 29 30 31 124 125 126 127 G
249 161 89 160 318 520 319 320 477 117 G
159 63 64 65 66 68 93 326 123 122 121 119 G
243 245 394 246 247 248 249 161 89 90 G
643 745 746 747 748 749 750 751 752 G
376 403 358 357 356 355 354 G
210 209 208 207 753 754 755 756 757 G
482 481 G
203 201 507 200 156 154 675 153 234 G
118 117 379 380 381 758 759 760 G
7 81 222 171 172 174 175 177 178 G
57 286 131 287 627 129 238 237 420 438 G
473 125 124 31 30 29 28 27 26 24 23 G
237 236 235 234 153 154 155 156 200 G
516 292 614 514 513 511 135 86 85 G
193 194 195 654 666 667 583 584 681 761 G
97 98 99 100 101 102 103 104 720 762 763 764 G
81 222 171 172 174 175 177 178 180 181 G
132 G
592 593 594 611 612 482 481 G
242 G
5 6 8 7 81 223 80 79 680 77 76 G
45 46 47 48 49 50 51 52 24 25 26 G
589 587 586 765 585 34 32 216 215 417 214 G
217 32 218 219 220 305 221 296 297 298 G
57 286 131 287 627 G
29 28 27 26 24 23 266 51 766 G
358 357 356 404 355 354 G
356 404 355 354 238 237 236 235 402 234 153 G
57 286 131 G
End:

40
192
1000
192
Start: 16

278 279 G
407 408 353 352 108 409 89 161 G
482 G
767 768 769 770 23 24 25 26 27 G
42 466 431 521 20 491 G
42 307 466 431 22 21 20 491 G
64 63 107 62 771 688 687 686 685 459 458 G
362 360 463 359 464 445 330 233 232 G
18 19 30 31 124 G
242 42 466 431 21 G
364 462 363 362 721 360 463 359 518 464 445 233 G
46 44 134 133 335 333 332 232 G
209 208 753 754 755 756 757 772 G
162 163 164 165 166 167 168 169 405 406 601 608 G
767 768 770 23 266 51 49 46 47 773 392 G
118 117 379 380 381 382 383 G
165 166 167 168 169 405 406 608 609 603 604 G
242 42 307 466 431 22 21 G
129 238 237 420 438 439 440 309 242 G
354 238 237 236 G
213 774 418 419 277 279 280 690 281 G
335 133 43 134 44 45 46 G
234 535 235 236 237 238 354 355 356 357 G
439 309 242 42 307 466 G
238 420 438 439 309 242 G
233 232 331 332 333 334 335 133 43 134 44 G
775 767 768 769 770 23 266 51 766 49 46 47 G
222 81 7 8 6 5 4 3 2 G
286 460 240 461 239 59 563 61 771 62 688 G
108 109 409 89 161 249 248 247 246 245 G
481 G
108 109 409 89 160 318 319 320 321 117 G
76 368 370 371 372 373 549 485 487 G
27 28 29 30 31 124 125 126 G
25 26 27 28 29 30 31 124 125 G
49 46 45 44 134 133 335 333 332 G
755 756 757 772 776 777 778 779 780 G
399 253 254 255 256 257 258 259 260 261 G
354 238 237 236 235 G
287 627 129 238 237 438 439 440 309 242 G
End:

40
200
1000
200
Start: 17

52 23 24 25 26 27 28 29 30 31 G
161 248 246 245 243 251 252 568 395 630 G
482 G
28 29 30 19 18 17 16 15 14 G
492 495 498 299 298 297 304 221 305 220 G
457 781 456 455 454 452 451 534 449 G
124 125 126 127 G
20 491 492 495 498 299 782 127 126 G
233 232 331 332 333 334 335 133 43 G
232 233 330 595 359 463 360 361 362 363 364 G
21 20 491 492 495 498 494 303 127 G
218 32 217 216 215 417 214 213 774 418 419 G
467 468 469 470 G
364 462 363 362 360 463 359 464 445 233 G
657 658 398 255 256 257 258 259 G
20 491 492 495 498 303 127 126 G
484 G
242 42 307 466 431 21 20 491 492 493 G
235 402 234 153 154 155 156 200 201 G
46 47 49 50 51 52 23 24 26 27 28 G
481 G
431 22 21 20 491 492 493 494 303 127 126 G
45 46 47 48 49 50 51 52 24 25 26 G
1 2 3 4 5 6 7 81 222 G
9 1 0 10 263 11 69 82 70 71 83 G
629 243 251 252 568 395 630 669 741 670 742 672 673 G
481 G
21 20 491 492 493 494 303 127 126 300 G
162 163 164 165 166 167 168 169 405 406 G
488 G
127 303 G
96 95 636 205 322 323 324 325 93 326 G
126 127 303 G
466 431 21 20 491 492 495 498 494 G
783 784 785 G
262 274 273 391 271 384 561 562 786 787 G
464 445 233 231 230 478 228 227 446 226 225 G
234 153 154 155 156 157 158 788 63 G
51 49 46 44 134 133 335 334 333 G
488 G
End:

40
200
1000
200
Start: 18

31 124 125 126 127 303 299 G
176 174 173 171 170 81 80 79 680 77 G
482 G
14 13 328 327 638 789 476 475 790 474 140 G
791 735 736 631 695 633 346 347 737 348 349 G
527 G
127 126 300 473 125 124 31 30 56 105 54 G
127 303 299 298 G
127 126 300 526 527 G
470 G
380 381 382 383 792 793 751 752 794 795 796 G
277 279 280 281 282 283 284 285 465 696 G
470 G
196 G
484 423 116 449 G
373 374 596 375 376 403 358 628 357 356 404 355 G
484 423 116 449 450 797 798 G
484 423 116 449 450 G
493 494 303 127 126 300 526 G
124 125 126 127 303 G
57 G
73 74 75 76 77 78 79 80 81 G
303 127 126 300 125 124 31 30 56 G
165 164 163 162 117 118 119 121 G
320 319 520 318 160 161 248 247 246 245 G
83 84 689 85 86 135 511 512 513 514 515 614 292 G
84 85 86 135 489 136 137 138 139 140 G
481 G
526 527 G
488 152 151 149 G
303 299 298 297 304 G
123 122 121 212 211 210 209 208 207 753 754 G
303 299 298 297 G
567 728 397 377 378 217 32 33 34 35 36 G
364 365 366 367 529 530 531 532 533 606 G
498 494 303 127 126 300 526 527 G
225 71 83 84 689 86 511 512 513 514 515 614 G
62 688 687 686 685 459 458 781 799 G
332 232 233 231 230 478 228 227 446 226 225 G
488 132 286 460 240 239 G
End:

40
205
1000
205
Start: 19

299 298 297 304 221 305 220 219 218 G
76 369 370 371 564 372 373 374 549 485 486 487 G
79 680 77 76 368 370 371 564 372 373 374 596 G
482 G
139 738 136 86 85 84 83 225 G
477 800 320 319 520 160 161 249 248 246 G
28 29 30 31 124 125 126 127 G
53 106 427 428 429 410 411 430 413 414 415 G
527 G
527 G
470 G
166 443 444 801 163 162 117 477 800 319 520 G
527 G
117 118 119 121 122 241 123 93 G
84 689 86 135 511 512 513 514 515 614 292 516 G
449 450 451 452 453 454 455 456 457 781 G
354 238 237 236 235 234 153 154 155 G
527 G
117 477 800 319 520 160 161 249 248 G
450 451 452 453 454 455 456 457 781 799 G
127 303 299 298 297 304 296 221 305 220 G
356 355 354 238 237 236 235 234 153 G
222 171 172 174 175 479 177 178 600 180 G
27 28 29 30 31 124 125 126 G
122 123 93 324 323 205 G
497 496 351 108 109 409 89 G
196 G
516 517 802 541 542 544 545 546 501 358 357 G
474 475 476 638 327 328 13 14 G
527 G
149 148 147 146 145 144 143 268 G
236 235 234 153 154 155 156 200 201 G
221 305 220 219 218 32 217 216 G
36 37 38 39 40 41 111 112 113 447 114 448 G
444 801 163 162 117 477 800 320 319 520 160 161 G
527 G
292 516 517 541 542 544 545 546 501 358 G
803 804 805 150 G
225 72 71 70 82 69 11 263 10 0 1 2 G
239 59 61 62 63 64 65 66 67 68 93 G
End: