40
168
1000
168
Start: 20

81 223 80 79 680 77 76 368 370 371 372 373 549 G
32 217 216 215 417 214 213 418 419 277 G
372 373 374 375 376 403 358 628 357 356 G
364 462 363 362 360 463 359 518 464 G
164 163 162 117 118 119 120 121 122 123 G
165 164 163 162 117 118 119 121 G
125 126 127 303 299 298 G
318 160 161 249 248 246 245 243 251 252 G
527 536 G
176 175 174 173 172 171 170 222 81 7 G
763 764 213 G
470 471 472 G
133 142 806 140 474 475 476 G
781 799 803 804 805 150 674 152 57 G
527 536 551 G
247 246 245 243 252 568 395 630 669 G
799 803 804 805 150 674 152 57 G
527 G
807 103 102 101 100 98 97 96 95 635 636 205 G
243 252 395 630 669 741 670 671 742 G
219 218 32 217 216 215 417 214 213 G
362 360 463 359 464 445 330 233 232 G
57 G
373 374 375 376 403 358 628 357 356 404 355 G
526 G
204 203 202 201 507 115 114 508 113 112 111 G
213 214 417 215 808 216 217 32 G
196 G
15 16 17 18 19 30 56 105 G
481 G
527 536 G
268 G
215 417 214 213 418 419 277 278 279 280 G
117 118 119 120 121 122 123 93 324 G
249 248 247 246 245 243 252 395 630 G
720 762 763 764 213 G
527 G
363 362 360 463 359 518 464 445 330 233 G
358 628 357 356 404 355 354 238 236 235 G
3 5 6 8 7 G
End:

40
219
1000
219
Start: 21

549 485 487 488 G
238 237 236 235 402 234 153 154 155 156 G
2 9 809 295 G
81 7 8 6 5 4 3 2 9 1 0 10 11 G
404 355 354 238 237 236 235 402 234 153 154 G
445 330 233 653 231 230 478 228 227 446 226 225 G
482 G
337 338 339 340 341 342 343 344 345 810 G
219 218 32 217 216 441 215 417 214 G
297 304 221 305 219 218 32 217 G
98 99 100 101 102 103 104 720 762 763 764 213 G
637 638 G
57 286 131 G
205 407 353 519 352 108 109 409 89 161 G
253 G
527 536 551 659 467 188 189 190 G
213 774 418 419 277 278 279 280 281 G
219 218 32 217 216 215 417 214 213 G
204 205 407 353 519 352 108 109 409 G
331 332 333 334 335 133 43 134 44 45 G
481 G
616 617 618 619 620 621 622 624 625 811 G
417 213 418 419 277 278 279 280 G
111 41 40 812 38 37 36 35 585 G
33 34 35 36 37 38 39 41 111 112 G
196 G
444 801 163 162 117 379 380 381 382 383 G
551 659 186 467 188 189 190 191 192 193 G
3 2 9 1 0 10 11 69 70 71 72 225 G
175 177 178 180 181 183 184 693 301 G
89 161 249 248 247 246 245 629 243 251 252 568 G
280 281 282 283 284 285 465 696 697 G
276 256 255 253 813 399 400 401 64 G
280 690 281 282 283 284 285 465 696 G
323 205 743 204 203 201 507 G
118 119 121 122 241 123 93 G
536 551 659 186 467 188 189 190 191 192 G
213 214 215 808 216 G
674 152 57 286 G
259 258 275 276 256 255 253 399 G
End:

40
225
1000
225
Start: 22

488 G
200 201 202 203 204 322 205 407 353 519 G
69 70 71 83 84 85 86 489 136 G
225 72 83 84 85 86 135 511 G
162 117 477 800 320 319 520 160 161 249 248 G
482 481 466 G
172 174 175 177 178 179 180 181 182 183 184 G
502 503 504 506 288 73 74 75 76 G
728 566 814 567 727 726 725 724 723 710 G
94 68 67 65 159 158 329 157 200 156 154 G
143 144 815 146 147 185 149 150 152 57 286 131 G
216 215 417 214 213 418 419 277 278 279 280 G
172 171 170 222 81 223 80 79 77 76 368 369 370 G
274 262 261 260 259 258 276 256 255 G
87 88 21 22 G
193 194 195 654 666 582 583 584 681 761 G
70 71 83 84 85 86 135 136 137 G
20 21 22 196 G
196 G
131 132 286 460 240 461 239 59 61 G
71 72 225 226 227 228 230 231 232 233 G
249 248 247 246 245 243 252 395 630 G
89 161 249 248 247 246 245 243 251 252 G
46 47 48 49 50 51 52 23 24 25 G
243 251 252 395 630 669 741 670 671 742 G
190 191 192 193 194 195 654 666 667 583 G
118 119 121 122 241 123 93 94 67 G
481 466 196 G
194 195 654 666 667 583 584 681 761 816 817 818 G
225 226 227 228 230 231 232 233 330 595 359 G
231 230 478 227 446 226 225 72 71 70 82 G
200 156 155 154 675 153 234 235 236 237 354 G
93 94 67 65 63 159 158 329 157 200 G
193 194 195 654 582 583 584 681 761 816 G
216 217 32 33 34 35 36 37 38 G
286 131 287 627 129 238 237 236 235 402 234 153 G
192 193 194 195 654 666 582 583 584 681 G
44 45 46 47 392 393 328 13 14 G
63 G
192 193 194 195 654 666 667 583 584 681 G
End:

40
243
1000
243
Start: 23

449 268 143 144 146 147 185 148 149 150 152 57 G
245 243 252 395 630 669 741 670 671 672 G
27 28 29 30 31 124 125 126 G
137 138 140 141 142 133 43 134 44 45 46 G
155 156 200 201 202 203 204 322 205 G
512 513 514 515 614 292 516 517 802 541 542 544 545 G
248 246 245 629 243 252 395 569 819 G
77 78 79 80 7 81 222 480 171 172 174 175 177 G
38 37 36 35 585 586 588 589 G
255 253 399 401 64 63 159 158 329 G
22 G
111 112 113 447 114 448 483 156 157 G
196 G
249 161 89 90 160 318 319 320 321 117 162 G
42 G
86 135 511 513 514 515 614 292 516 517 G
205 407 408 353 519 352 108 109 409 G
172 171 170 222 81 7 8 6 5 4 2 G
156 200 201 202 203 204 322 205 407 408 353 G
359 464 445 233 653 231 230 228 227 446 G
307 820 821 822 823 544 545 546 501 358 G
8 5 4 3 2 9 1 0 10 11 G
256 255 398 253 399 401 64 63 G
611 482 466 196 197 198 824 58 199 G
196 G
63 G
192 193 194 195 654 666 667 584 G
197 198 58 199 12 13 393 392 825 47 G
464 445 233 232 331 332 333 334 335 G
463 360 362 363 364 366 367 529 530 531 532 533 G
11 263 0 1 2 4 5 6 8 7 G
188 467 468 469 470 G
62 826 61 60 59 239 240 250 286 G
407 353 519 352 108 109 409 89 G
711 710 723 724 725 726 727 567 728 729 G
39 40 41 111 112 113 447 114 448 483 G
337 522 523 432 433 434 435 436 524 437 G
153 154 155 G
64 63 159 158 329 157 200 201 G
63 G
End:

40
188
1000
188
Start: 24

57 G
484 G
246 245 243 252 395 630 669 741 G
727 567 728 729 731 732 577 576 G
407 353 519 352 108 109 409 89 161 G
464 445 330 233 231 230 478 228 227 446 226 225 G
827 G
157 200 201 115 114 113 112 111 G
636 635 96 97 98 99 101 102 103 104 720 G
123 93 94 67 66 65 63 159 158 329 G
22 G
196 G
196 G
163 164 165 166 167 168 169 405 406 601 602 G
418 213 214 417 215 216 217 32 218 219 G
799 G
156 200 828 201 507 115 G
470 G
42 G
517 541 542 543 544 545 546 501 358 628 G
152 57 286 G
160 161 249 248 246 245 243 251 252 G
125 126 127 303 299 298 297 304 296 G
544 543 541 517 613 G
353 352 108 109 409 89 161 249 G
445 233 231 230 228 227 446 226 225 G
417 215 216 217 218 219 220 305 G
69 70 71 72 225 226 227 228 230 G
159 158 329 200 201 507 115 114 508 113 G
12 13 14 15 16 17 18 19 30 G
456 455 454 452 451 534 449 423 G
360 463 359 518 464 445 330 233 231 230 228 227 G
81 222 171 172 173 174 175 176 177 178 180 181 G
247 248 249 161 G
564 372 373 374 375 376 403 358 628 357 356 G
11 69 70 71 72 225 226 227 G
355 356 357 G
829 156 155 154 153 234 535 235 236 237 G
484 423 G
63 64 65 66 67 68 93 123 122 G
End:

40
210
1000
210
Start: 25

57 152 151 150 805 804 803 799 781 G
305 220 219 218 32 217 216 G
26 27 28 29 30 56 105 54 53 106 G
575 830 574 220 G
161 249 248 246 245 243 251 252 395 G
236 235 234 153 154 155 156 200 201 G
225 83 84 689 85 86 135 511 512 514 G
246 247 248 G
198 58 199 12 13 14 15 16 17 18 G
157 200 156 490 483 831 832 833 834 835 836 G
174 173 171 170 222 81 7 8 5 G
228 227 446 226 225 71 83 84 689 86 G
306 G
176 175 174 173 172 171 170 222 81 223 80 79 G
42 G
357 356 404 355 354 238 236 235 402 234 G
83 84 85 86 135 489 136 137 138 139 140 G
248 246 245 243 252 395 630 669 G
84 689 85 86 135 511 513 514 515 614 292 G
72 71 83 84 689 85 86 511 512 513 514 G
330 595 359 360 362 363 364 365 366 367 G
425 837 484 423 268 143 G
112 111 41 40 38 37 36 35 34 G
56 105 54 53 106 427 428 429 G
710 723 724 725 726 727 567 728 397 377 378 G
196 G
119 118 117 379 380 381 382 383 G
446 226 225 71 83 84 689 86 135 511 512 G
116 G
838 839 840 785 784 841 842 G
52 23 24 25 26 27 28 29 30 G
161 89 160 318 520 319 320 321 117 162 163 164 G
131 287 627 129 238 G
404 355 354 238 237 236 235 234 153 744 154 G
220 219 G
238 236 235 402 234 153 154 155 156 200 G
227 228 230 231 232 233 330 595 359 463 G
357 501 358 502 503 504 505 506 288 G
238 354 355 356 357 501 358 607 502 G
243 245 394 246 247 248 249 161 89 160 318 G
End:

40
195
1000
195
Start: 26

57 G
514 515 614 292 516 843 517 802 541 542 544 G
249 161 89 409 108 352 353 G
81 7 8 5 4 2 9 0 G
205 407 353 352 108 109 409 89 G
218 32 G
75 76 77 79 80 7 81 222 480 171 172 174 G
42 G
217 32 218 219 220 574 575 576 577 G
217 G
844 481 G
379 117 118 119 121 G
196 G
5 4 3 2 9 0 10 11 69 82 70 71 G
196 307 242 309 310 438 420 354 238 129 130 G
126 300 473 125 124 31 30 29 28 27 G
397 377 378 217 32 33 34 35 36 37 G
79 680 77 76 368 369 370 371 372 373 374 596 375 G
42 G
474 475 476 638 327 13 14 15 G
516 843 517 802 541 542 544 545 546 501 358 G
515 292 516 517 541 542 543 544 545 G
17 18 19 30 G
34 32 217 218 219 220 G
297 298 299 303 127 126 300 125 124 31 G
196 307 242 309 310 438 420 354 238 G
321 477 117 162 163 164 165 166 167 168 G
641 642 643 745 746 747 748 749 750 G
116 G
470 471 472 526 300 126 127 303 494 G
165 166 167 168 169 405 406 601 602 603 604 610 G
219 218 G
81 80 79 680 77 76 368 369 370 371 564 372 G
201 202 203 204 322 205 407 353 352 108 G
489 136 137 139 140 806 142 133 335 333 332 232 G
360 362 363 364 365 366 367 529 530 531 G
503 504 505 506 288 73 74 75 76 G
221 305 220 219 218 G
319 320 321 477 117 162 163 164 165 166 167 G
32 G
End:

40
220
1000
220
Start: 27

57 G
205 407 408 353 352 108 109 409 89 161 G
57 G
336 522 523 432 433 434 435 436 437 264 G
409 89 161 249 248 246 639 640 641 643 G
544 545 546 501 358 G
205 743 204 203 201 507 200 156 155 154 G
615 616 617 618 619 620 621 622 623 624 625 G
10 11 69 70 71 83 84 85 86 135 G
161 249 248 246 245 243 252 568 395 630 G
120 121 122 241 123 93 94 68 67 66 G
577 578 733 734 536 G
481 G
335 142 806 140 139 137 136 G
287 131 132 G
359 464 445 330 233 232 331 332 333 334 G
27 26 265 264 437 605 436 435 434 433 432 G
370 371 372 373 374 549 485 486 487 488 G
379 117 G
38 39 41 111 112 113 447 115 507 G
376 403 358 357 356 404 355 354 238 G
493 128 87 88 21 22 G
42 G
64 66 68 93 123 122 121 119 G
286 G
15 16 17 18 19 30 56 105 54 G
81 223 80 79 680 77 76 368 369 G
172 171 170 222 81 7 8 5 4 3 G
546 501 358 628 357 356 G
57 G
221 296 304 297 298 299 127 126 300 G
30 29 28 27 26 265 264 437 605 436 435 434 G
241 123 93 94 68 67 66 65 63 62 G
117 118 119 120 121 G
298 297 304 221 305 220 219 218 G
218 32 G
108 109 409 89 161 248 246 245 243 251 G
218 32 33 34 35 36 37 G
397 566 814 567 727 726 725 724 723 710 G
32 33 585 845 586 588 589 590 591 846 592 G
End:

40
241
1000
241
Start: 28

161 249 248 247 246 245 243 252 568 395 G
57 286 132 131 287 129 238 G
264 265 G
643 745 746 747 748 749 750 751 793 G
47 392 393 328 13 14 15 16 17 G
136 137 139 140 141 142 133 43 134 44 45 46 G
42 307 466 431 21 20 491 492 G
65 64 63 62 61 59 239 240 250 G
586 588 590 591 592 594 611 482 G
136 135 511 513 514 515 614 292 516 G
132 286 460 240 G
488 G
117 118 119 120 121 122 241 123 93 G
482 481 G
131 132 G
201 202 203 204 205 322 323 324 93 326 G
236 235 234 153 154 155 156 200 828 G
57 132 131 287 129 238 237 G
380 379 G
690 281 282 283 284 285 465 696 697 698 G
53 106 427 428 429 410 411 412 430 G
217 218 550 219 220 221 296 304 297 298 299 G
23 24 25 26 27 28 29 30 31 124 G
784 847 841 842 G
57 286 131 287 627 129 238 237 G
433 432 677 522 678 679 691 G
636 205 323 324 93 123 122 G
81 7 8 5 4 3 2 9 1 0 G
218 32 217 216 441 215 417 214 213 418 G
522 678 679 848 849 842 G
501 358 628 357 356 404 355 G
628 357 356 404 355 354 G
122 241 123 93 G
213 764 763 762 807 103 102 101 100 98 G
161 89 90 160 318 520 319 320 321 117 162 163 G
176 174 173 171 222 81 80 79 77 76 G
354 238 237 236 235 402 234 153 154 155 G
37 38 39 41 111 112 113 447 114 115 507 G
488 G
513 514 515 614 292 516 517 802 541 542 543 G
End:

40
227
1000
227
Start: 29

379 117 118 119 120 121 122 123 G
374 375 376 403 358 357 356 404 355 G
309 242 42 466 431 521 21 20 491 492 495 G
354 238 236 235 234 153 G
34 32 217 218 550 219 220 305 221 304 297 G
17 18 19 30 31 124 125 126 G
362 360 463 359 464 445 233 232 331 332 G
46 47 49 50 52 23 24 G
247 248 249 161 89 90 160 318 319 320 321 G
495 494 303 127 126 300 526 527 G
536 551 469 468 467 188 G
286 G
420 354 129 130 500 131 132 488 57 152 G
51 52 24 25 26 27 28 29 30 G
355 354 G
488 G
227 446 226 225 72 70 82 11 10 0 G
446 226 225 72 70 82 11 263 0 1 G
123 122 121 119 118 117 162 163 164 G
850 822 823 544 545 546 501 G
851 591 589 588 587 586 765 585 34 32 G
430 707 852 336 522 523 432 433 434 G
403 358 628 357 356 404 355 354 G
205 322 323 324 325 93 326 123 241 122 121 119 G
299 127 126 300 125 124 31 G
29 30 31 124 125 126 127 303 299 G
842 G
32 33 585 586 588 589 591 592 593 G
264 437 605 436 435 434 433 432 677 523 522 G
286 G
10 11 69 70 71 72 225 226 446 227 G
460 240 461 59 61 62 688 687 686 685 G
438 439 440 309 242 42 466 431 21 20 491 G
164 165 166 167 168 169 405 406 601 608 609 G
354 129 130 500 131 132 488 152 151 421 148 G
155 156 200 201 202 204 205 407 408 353 G
246 245 243 251 252 395 630 669 741 670 G
507 201 202 G
171 170 222 81 223 80 79 680 77 76 G
481 G
End: