40
202
1000
202
Start: 60

196 G
282 283 284 285 465 696 697 698 G
286 G
334 335 133 134 44 45 46 47 48 49 50 51 G
42 G
203 204 205 407 408 353 519 352 108 351 G
116 449 450 451 452 453 454 455 456 457 G
769 770 980 23 266 51 766 49 46 44 G
268 423 424 425 553 554 555 557 558 981 559 G
82 70 71 72 225 226 227 228 229 230 G
237 238 354 355 356 357 501 358 502 G
246 247 248 249 161 89 90 91 92 325 G
16 17 18 19 30 G
30 31 124 125 126 127 303 G
142 806 877 140 139 738 137 136 86 85 G
242 G
11 69 82 70 71 83 84 85 86 G
91 92 93 94 68 67 66 65 64 63 107 62 G
42 G
240 250 286 G
18 19 30 56 105 G
57 286 626 131 287 627 129 238 237 438 G
286 131 287 627 129 238 236 235 G
242 G
42 G
101 100 98 97 96 95 636 205 407 408 353 G
57 286 132 131 287 627 129 238 237 438 G
217 378 377 397 566 728 729 731 G
506 288 73 74 75 76 77 79 80 81 G
0 10 263 11 69 70 71 83 84 G
59 239 240 250 460 286 G
462 363 362 360 463 359 464 445 330 233 231 230 G
161 89 90 91 92 325 93 94 68 67 65 G
242 G
27 28 29 30 31 124 125 126 127 G
242 G
354 355 356 357 501 358 547 376 375 G
807 103 102 101 100 965 98 97 96 95 636 G
10 263 11 69 70 71 72 225 226 446 G
170 222 81 7 8 6 5 4 2 9 1 G
End:

40
198
1000
198
Start: 61

196 G
76 368 369 370 371 372 373 549 485 487 G
42 G
457 781 799 803 804 805 150 674 152 G
59 239 240 250 G
10 11 69 82 70 71 72 225 226 227 G
44 134 133 334 142 806 877 140 139 738 G
231 232 233 330 595 359 463 360 G
958 191 190 189 188 467 468 469 470 G
93 94 68 67 66 65 63 62 826 61 G
303 299 298 297 304 221 305 G
707 852 336 522 337 338 339 340 341 G
175 174 173 172 171 170 222 81 7 8 G
298 297 304 296 221 305 220 219 218 32 G
84 83 72 70 82 69 11 263 0 1 G
242 G
135 489 137 138 139 140 474 475 476 637 638 327 G
445 330 233 232 332 333 334 335 133 43 44 G
314 946 313 312 311 348 349 350 351 108 G
42 G
105 54 53 106 427 428 429 410 411 412 413 G
439 440 309 G
249 161 89 91 92 93 94 68 67 66 65 63 G
425 484 G
245 629 243 252 395 630 669 741 670 671 G
438 439 440 309 G
22 G
309 242 G
238 236 235 234 153 744 154 155 156 G
63 64 65 66 68 93 326 123 122 G
430 707 852 874 336 522 G
286 G
63 62 61 60 59 239 240 250 G
127 303 299 298 297 304 221 305 220 219 G
242 G
636 205 407 408 353 519 352 108 109 409 89 G
481 G
227 228 230 231 232 233 330 595 359 G
297 G
837 484 G
End:

40
170
1000
170
Start: 62

196 G
286 G
57 286 G
185 149 150 674 152 57 G
250 G
726 727 567 728 397 377 378 217 32 33 G
470 G
60 59 239 240 250 G
304 221 305 220 219 218 G
220 219 218 32 G
5 4 3 2 9 0 10 11 69 70 G
134 44 45 46 47 48 49 50 51 52 24 G
9 2 3 5 6 8 7 81 222 G
242 G
327 13 14 15 16 17 18 19 30 56 G
44 45 46 47 48 49 50 51 52 23 24 25 26 G
108 109 89 91 110 92 325 93 94 67 65 G
414 415 416 191 192 193 194 195 654 582 G
242 G
42 G
484 G
456 457 781 799 803 804 805 150 152 G
7 8 5 4 3 2 9 0 10 263 11 69 G
246 245 629 243 251 252 395 569 819 570 571 G
309 G
231 232 233 330 595 359 463 360 362 G
615 616 617 618 619 620 622 623 624 982 625 983 G
728 397 377 378 217 32 33 585 845 586 G
242 G
122 121 119 118 G
93 94 67 65 63 158 157 200 156 G
286 G
10 0 1 2 3 5 6 8 7 81 G
250 G
242 G
488 G
481 G
463 360 362 363 364 365 366 367 529 530 G
416 191 192 193 194 195 654 666 667 583 G
85 86 135 489 136 137 138 139 140 474 475 G
End:

40
196
1000
196
Start: 63

286 132 488 57 152 G
221 305 220 219 218 32 217 216 215 G
42 G
250 460 286 G
360 361 362 363 364 365 366 367 529 530 532 G
174 175 176 177 178 179 180 181 182 183 184 301 G
727 567 728 397 377 378 217 32 33 34 35 G
33 34 35 36 37 38 39 40 41 111 112 113 G
470 G
250 G
160 161 249 248 246 245 243 252 395 630 G
445 233 232 G
114 113 112 111 41 40 38 37 36 35 G
193 194 195 654 582 667 584 G
242 42 G
56 105 54 53 106 427 428 429 410 411 412 413 G
449 423 484 424 425 553 554 G
27 28 29 30 31 124 125 126 127 G
286 132 488 G
42 307 466 G
455 454 452 451 450 534 449 423 424 425 553 G
484 423 268 143 G
57 G
723 724 725 726 G
233 232 331 332 333 334 335 133 43 134 44 G
586 588 589 590 591 846 592 594 611 482 G
470 G
326 123 122 121 212 119 118 117 162 163 G
156 154 153 234 535 235 236 237 238 354 355 G
286 132 G
222 171 172 173 174 175 176 177 178 180 181 G
250 286 G
238 129 130 131 132 G
488 57 152 151 150 805 G
481 G
484 224 646 650 648 651 G
242 G
261 260 259 258 276 256 255 253 G
475 476 638 327 13 14 15 16 G
224 116 G
End:

40
233
1000
233
Start: 64

307 308 309 310 499 438 420 354 129 130 500 G
151 421 148 422 660 146 145 267 143 268 423 G
215 417 214 213 418 419 277 279 280 690 281 G
123 93 94 68 67 65 63 G
57 G
5 6 7 81 222 171 172 G
81 80 79 680 77 76 75 74 506 G
243 245 394 246 247 248 249 161 89 90 91 G
278 279 280 281 282 283 284 285 465 696 697 G
246 248 249 161 89 91 92 93 94 67 G
139 140 474 896 475 476 638 327 13 14 G
35 34 32 217 216 441 215 417 214 213 418 419 G
413 414 415 416 191 192 193 194 195 654 G
166 165 164 163 162 117 118 119 120 G
358 502 560 503 504 505 506 288 73 74 75 G
535 235 236 237 238 354 G
354 355 356 357 501 546 544 G
152 151 421 149 148 422 146 145 267 268 G
309 242 42 481 482 611 593 G
466 431 21 20 491 492 495 498 494 303 127 G
93 325 324 323 205 204 203 202 201 507 G
443 444 801 163 162 117 477 800 319 G
143 144 815 146 147 185 149 150 674 152 57 G
45 46 47 49 50 51 52 23 24 25 26 G
470 471 472 473 126 G
307 308 309 310 438 420 354 129 130 G
404 356 357 501 546 544 543 G
166 443 444 801 163 162 117 477 800 G
132 487 486 549 374 373 372 564 634 370 369 76 G
286 132 487 486 549 374 373 372 564 G
42 466 431 21 20 491 492 495 498 494 G
91 92 325 93 94 67 65 63 158 157 G
132 G
42 307 466 431 22 21 20 491 492 493 G
245 243 252 568 395 569 819 570 571 G
7 8 6 5 4 3 2 9 0 10 263 G
481 G
323 322 205 204 203 201 115 114 G
364 462 363 362 721 360 463 359 518 464 G
116 G
End:

40
233
1000
233
Start: 65

454 452 451 450 534 797 798 984 985 G
41 40 38 37 36 35 G
259 258 275 276 256 255 398 253 399 G
117 118 119 121 122 241 123 93 G
63 62 61 60 59 239 240 250 460 286 G
359 464 445 330 233 232 331 332 333 G
369 76 77 78 79 80 81 222 480 171 172 G
164 163 162 117 118 119 121 122 241 G
506 505 504 503 560 502 547 358 628 357 356 G
443 444 163 162 117 477 800 320 319 520 G
372 564 634 370 369 76 77 79 80 G
277 278 279 280 690 281 282 283 284 285 465 696 G
362 360 463 359 464 445 233 232 G
464 445 330 233 232 331 332 333 334 G
121 122 241 123 93 94 67 65 63 159 G
32 217 216 215 417 214 213 418 419 277 G
233 232 331 332 333 334 335 133 43 G
639 640 641 642 643 745 746 747 748 G
423 484 424 425 553 554 555 557 558 981 559 986 G
127 126 300 526 527 536 551 659 467 188 G
200 G
5 4 3 2 9 0 10 11 69 G
27 28 29 30 31 124 125 126 127 G
93 94 68 67 66 65 63 107 62 771 688 G
481 G
541 517 613 516 292 614 514 513 511 135 86 G
319 520 160 161 249 248 247 246 G
38 37 36 35 34 32 217 218 550 219 G
370 369 76 77 79 80 81 222 171 G
303 127 126 300 526 527 536 551 659 467 G
157 200 156 155 154 675 153 234 G
494 303 127 126 300 526 527 536 551 659 G
451 534 450 797 798 984 985 384 385 G
11 69 70 71 72 225 226 227 228 G
463 359 464 445 233 232 331 332 G
445 330 233 232 331 332 333 334 335 133 G
591 589 588 587 586 585 35 34 32 217 G
200 156 490 483 448 115 114 113 112 111 G
237 238 354 355 356 357 501 546 G
116 G
End:

40
244
1000
244
Start: 66

401 64 63 159 158 329 200 201 G
324 323 205 636 635 96 97 98 G
116 449 534 143 144 G
332 333 334 335 133 134 44 45 G
189 190 191 192 193 194 195 654 666 667 G
286 G
172 174 175 479 177 178 180 181 890 183 184 G
274 262 261 260 259 258 276 256 255 253 G
74 506 505 504 503 560 502 547 358 628 357 G
232 331 332 333 334 335 133 G
22 G
153 234 535 235 236 237 238 354 355 356 357 G
246 247 248 249 161 G
232 331 332 333 334 335 142 806 G
335 133 43 134 44 45 46 47 48 49 G
81 7 8 6 5 4 2 9 0 G
158 329 157 200 156 490 483 831 832 834 835 836 G
222 480 171 172 174 175 177 178 600 180 181 G
278 279 280 281 282 283 284 285 465 696 697 G
134 44 45 46 47 48 49 50 51 52 G
463 359 464 445 330 233 232 331 332 333 G
186 187 189 190 191 192 193 194 195 654 G
156 155 154 153 234 235 236 237 G
69 82 70 71 72 225 226 227 228 G
57 286 132 131 287 129 G
687 686 685 459 458 781 456 455 454 452 451 G
196 G
468 467 188 189 190 191 192 193 194 580 G
222 81 7 8 5 4 2 9 G
224 116 449 268 143 144 815 G
245 243 252 395 668 630 669 G
160 318 520 319 320 321 117 162 163 164 165 G
551 659 186 187 188 189 190 191 192 193 194 195 G
160 161 249 248 246 394 245 243 251 G
246 639 859 640 641 643 644 645 987 G
536 734 733 578 577 988 732 731 989 729 728 G
477 800 320 319 520 318 160 161 248 247 G
216 215 417 214 213 418 419 277 G
41 40 38 37 36 35 34 32 G
298 297 304 221 305 220 219 855 218 32 G
End:

40
248
1000
248
Start: 67

151 421 148 422 G
201 507 115 114 113 112 111 G
815 146 147 185 149 150 674 152 57 286 626 G
45 46 47 48 49 50 51 52 24 25 26 G
463 359 518 464 445 330 233 232 331 332 333 334 G
154 155 156 200 201 115 114 113 G
598 419 418 937 213 214 417 215 808 216 217 32 G
43 134 44 45 46 47 48 49 50 51 52 23 G
243 251 252 395 668 630 669 741 670 671 742 G
455 454 452 451 450 G
22 G
357 501 358 547 376 G
221 305 220 219 218 32 217 216 441 215 G
161 89 90 91 92 93 94 68 67 G
133 43 134 44 45 46 47 49 50 51 52 G
49 50 51 52 23 24 25 26 27 28 29 G
836 844 481 466 875 876 878 879 880 881 882 883 G
52 23 24 25 26 27 28 29 30 31 G
119 121 122 123 93 325 324 323 322 205 G
277 598 597 682 683 684 960 961 962 974 975 G
175 174 173 172 171 170 222 81 7 G
628 357 356 404 355 354 238 237 236 235 402 G
239 59 61 62 107 64 66 68 93 G
230 231 232 G
238 420 438 439 310 309 242 42 G
467 468 469 470 G
275 276 256 255 398 253 399 401 G
246 639 640 641 643 644 645 987 381 758 G
218 32 217 216 215 417 G
534 449 G
129 238 420 438 439 309 242 G
196 G
337 522 336 706 707 430 413 G
330 595 359 463 360 362 363 364 365 366 367 G
46 47 48 49 50 51 52 23 24 25 26 27 G
228 227 446 226 225 72 71 G
772 757 756 990 206 207 208 209 210 211 212 G
32 217 378 377 397 566 728 729 731 G
597 598 419 418 213 214 417 215 G
32 33 35 36 37 38 39 40 41 111 G
End:

40
196
1000
196
Start: 68

422 G
57 286 626 131 287 627 238 237 236 235 234 G
286 G
28 29 30 31 124 125 126 127 G
450 451 452 453 454 455 456 457 781 799 G
201 507 115 114 113 112 111 41 40 38 G
731 729 728 397 377 378 217 G
23 24 25 26 27 28 29 G
329 200 201 507 115 114 508 112 G
150 151 152 57 286 132 487 486 G
649 83 225 226 227 228 230 231 232 G
643 745 746 747 748 749 750 751 793 G
991 992 993 933 932 931 929 928 278 G
884 885 889 489 86 85 649 83 225 226 G
31 124 125 126 127 303 299 G
37 36 35 34 32 217 378 377 397 566 G
501 546 599 544 823 543 542 541 949 517 613 516 G
233 330 595 359 360 362 363 G
42 G
470 G
396 397 377 378 G
449 G
468 469 470 G
152 57 286 132 487 486 549 G
481 G
646 647 648 651 652 661 662 663 994 G
84 85 86 135 489 136 137 138 139 140 474 G
414 415 416 191 192 193 194 195 654 G
333 334 335 133 43 134 44 45 46 G
398 255 256 257 258 259 260 261 G
484 G
227 446 225 83 84 689 85 86 135 511 G
354 238 237 G
27 28 29 30 31 124 125 126 G
545 546 501 358 547 403 376 375 596 372 564 G
124 31 30 29 28 27 26 24 23 G
38 39 41 111 112 113 447 114 448 483 G
83 84 689 86 135 511 513 514 614 292 G
212 G
307 G
End:

40
213
1000
213
Start: 69

598 597 682 683 684 960 961 962 974 G
242 G
153 154 155 156 200 201 202 203 204 G
127 303 299 298 297 304 221 305 220 219 G
803 804 805 150 674 152 57 G
216 215 417 214 213 418 419 277 278 279 G
112 111 41 40 38 37 36 35 34 G
124 125 126 127 303 299 298 G
534 449 268 G
450 534 449 G
549 374 373 372 564 370 369 76 77 79 G
79 80 81 222 171 172 174 175 479 177 G
281 282 283 284 285 465 696 697 698 G
459 458 781 456 455 454 452 451 G
124 125 126 127 303 299 G
303 299 298 297 304 296 221 305 220 219 G
278 598 897 419 418 937 213 214 215 G
24 26 27 28 29 30 31 124 125 G
298 297 304 221 305 220 219 218 G
41 40 38 37 36 35 34 32 217 G
364 462 363 362 360 463 359 464 G
566 728 729 731 732 995 577 578 G
31 124 125 126 127 303 G
292 614 514 513 511 135 489 136 137 139 140 G
363 364 365 366 367 529 530 531 532 G
470 536 G
451 450 534 G
567 728 397 377 378 217 32 33 34 35 36 G
374 372 564 634 370 369 75 76 77 78 79 G
196 G
474 475 476 638 327 328 13 14 15 16 G
261 262 274 273 391 271 384 385 561 562 G
174 175 479 177 178 600 180 181 183 184 301 G
236 235 234 153 154 155 156 200 G
117 162 163 164 165 166 167 168 169 405 406 G
292 516 517 802 541 542 543 544 823 886 822 G
152 57 286 G
307 G
364 462 363 362 360 463 359 518 464 G
358 501 546 544 543 541 517 516 G
End: