40
222
1000
222
Start: 50

246 639 640 641 642 643 745 G
118 117 162 163 164 165 166 167 168 G
484 423 G
351 352 353 408 205 204 203 201 507 G
175 177 178 180 181 183 184 693 G
225 72 83 84 689 86 511 512 514 G
196 G
230 228 227 446 226 225 72 83 84 689 G
335 333 332 232 233 330 595 359 463 360 G
200 201 202 203 204 205 407 408 353 519 352 G
274 262 261 260 259 258 276 256 255 G
504 505 506 288 289 290 291 292 293 294 G
10 11 69 70 71 72 225 226 227 228 G
546 599 544 543 542 541 949 517 613 516 292 614 G
286 G
360 359 464 445 233 232 332 333 G
724 723 710 711 712 713 714 715 913 914 915 G
17 18 19 30 56 105 G
196 466 481 844 836 835 950 832 831 951 G
449 423 424 425 G
277 279 280 281 282 283 284 285 465 696 697 G
586 588 589 590 591 592 593 594 611 G
242 G
243 251 252 395 630 669 741 670 671 672 673 952 953 G
42 G
481 G
227 228 230 231 232 233 330 595 G
410 411 412 413 414 415 416 192 193 G
121 119 118 117 379 380 381 382 G
414 415 416 191 192 193 194 195 654 G
425 484 G
885 G
273 274 262 261 260 259 258 275 276 256 G
55 56 30 31 G
437 605 435 434 433 432 677 522 678 G
219 220 221 296 304 297 298 299 303 127 G
56 105 54 53 106 427 428 429 G
484 423 G
25 26 265 264 G
690 281 282 283 284 285 465 696 697 698 G
End:

40
250
1000
250
Start: 51

483 829 156 157 954 158 63 62 G
280 281 282 283 284 285 465 696 697 698 955 G
115 114 113 112 111 41 40 38 37 36 G
240 461 239 59 61 62 107 63 64 65 G
875 G
171 170 222 81 223 80 79 680 77 76 369 370 G
515 292 516 517 541 542 543 544 545 501 G
85 86 511 512 513 514 515 614 292 516 517 G
28 27 26 24 G
352 108 109 409 89 161 249 248 G
536 551 469 468 467 188 189 G
294 295 9 1 0 10 G
268 143 144 146 147 185 149 150 152 G
286 G
319 320 321 117 162 163 164 165 166 G
564 372 373 374 375 376 403 358 357 356 G
337 522 523 432 433 434 435 436 437 264 G
401 64 63 159 158 329 157 200 201 202 204 G
586 588 589 591 592 593 594 611 612 482 G
54 53 106 427 428 429 410 411 412 430 G
147 146 145 143 268 G
143 144 146 147 185 148 149 150 152 57 G
831 483 490 448 115 507 201 G
32 217 218 219 220 305 221 296 304 297 G
482 G
243 252 395 630 669 741 670 671 672 G
222 81 223 80 79 680 77 76 368 369 370 371 G
242 42 G
34 32 217 218 550 219 220 574 575 576 G
633 346 347 311 737 348 349 351 108 352 G
194 195 654 582 667 583 584 G
35 36 37 38 39 41 111 112 113 447 G
22 G
484 423 268 143 144 815 146 147 G
116 G
124 125 126 127 303 494 493 128 87 G
108 109 409 89 161 249 248 247 G
679 691 692 699 700 701 895 702 703 704 705 G
956 9 0 10 263 11 69 82 70 71 G
410 411 430 413 414 415 416 191 192 G
End:

40
228
1000
228
Start: 52

470 G
771 688 687 686 685 459 458 457 781 456 G
674 152 57 G
35 34 32 217 218 219 220 G
403 358 628 357 356 404 355 354 238 237 236 235 G
501 358 357 356 355 354 G
214 213 418 419 277 279 280 281 282 283 G
517 802 541 542 543 544 545 546 501 358 G
243 252 395 630 669 741 670 742 672 673 952 G
248 246 245 243 251 252 568 395 G
362 363 364 365 366 367 529 530 531 532 533 G
190 191 416 415 414 413 G
466 307 308 242 309 310 499 438 420 354 G
377 378 217 32 33 34 35 36 37 G
22 196 875 820 821 822 823 544 G
806 142 133 335 333 332 232 233 330 595 359 G
311 737 348 349 351 108 352 353 408 G
404 354 238 237 236 235 234 153 154 155 G
265 26 24 23 266 51 49 47 G
430 707 852 874 336 522 523 432 433 G
116 G
62 771 688 687 686 685 459 458 781 G
146 147 185 148 149 150 152 57 G
57 G
957 958 416 415 414 413 430 412 708 G
201 202 203 204 205 407 408 353 519 352 G
298 299 303 127 126 300 125 124 G
482 G
42 307 466 431 21 20 491 492 495 G
92 91 90 89 161 249 248 247 246 245 G
418 419 277 279 280 281 282 283 284 285 G
576 577 578 733 734 536 551 659 G
481 G
46 47 49 50 51 52 24 25 26 27 28 G
116 G
246 245 243 252 395 668 630 G
369 370 371 564 372 373 374 375 G
26 265 264 437 605 435 434 433 432 677 523 G
152 57 G
116 449 534 450 451 452 454 455 456 457 G
End:

40
177
1000
177
Start: 53

455 454 452 451 450 534 449 G
268 G
57 286 626 G
429 428 427 106 53 54 55 56 30 G
248 247 246 245 243 251 252 395 630 G
233 231 230 228 227 446 226 225 83 84 G
875 G
403 358 357 356 404 355 354 238 237 G
237 238 354 355 404 356 357 358 G
358 628 357 356 404 355 G
354 129 130 500 131 132 488 959 152 151 G
875 G
286 626 131 287 G
31 124 125 126 127 303 299 G
155 156 200 201 202 203 204 205 407 408 353 519 G
47 392 328 13 14 15 16 17 18 19 G
497 311 312 313 314 315 316 537 538 539 G
116 449 450 G
332 232 233 231 230 228 227 446 226 225 G
410 429 428 427 106 53 54 55 56 30 G
108 351 496 497 311 347 G
482 G
358 628 357 356 404 355 354 238 237 236 G
498 299 298 297 304 221 305 220 574 G
354 238 237 236 235 402 234 153 G
364 462 363 362 721 360 463 359 464 445 330 233 231 G
243 245 246 248 249 161 89 91 92 G
347 311 348 349 351 352 353 408 205 G
160 161 249 248 246 245 243 252 395 G
7 8 5 4 3 2 9 0 10 263 G
201 202 203 204 322 205 G
57 286 G
57 286 G
116 449 143 G
205 407 353 519 352 108 109 409 89 G
822 886 823 544 545 546 501 G
535 235 236 237 354 355 356 357 G
481 G
522 337 338 339 340 341 342 343 344 345 G
507 200 156 154 675 153 234 235 236 G
End:

40
199
1000
199
Start: 54

449 G
268 449 450 451 452 453 454 455 456 G
364 363 362 360 463 359 464 445 330 233 653 G
358 607 502 560 503 504 505 506 288 73 74 G
488 G
114 113 112 111 41 40 38 37 36 35 G
875 G
236 235 402 234 153 154 155 156 G
358 502 560 503 504 G
504 505 506 288 74 75 76 77 78 79 80 G
10 11 69 82 70 71 83 84 689 85 86 G
304 221 305 220 219 218 32 217 216 215 G
312 313 314 315 316 317 537 538 G
151 421 148 422 146 145 267 143 268 G
131 287 129 238 237 438 439 309 242 G
560 503 504 505 506 288 73 74 75 G
161 248 246 245 243 252 395 630 G
154 675 153 234 235 236 G
352 108 109 409 89 161 248 246 G
287 129 238 354 355 356 357 501 G
19 30 31 124 125 126 127 303 G
482 G
287 129 238 237 420 438 439 309 242 42 G
47 48 49 50 51 52 23 24 25 26 27 28 29 G
243 244 245 246 247 248 249 161 G
574 575 576 577 578 733 734 536 G
237 238 G
262 261 260 259 258 276 256 255 253 813 G
743 204 203 202 201 507 200 156 155 154 153 G
481 G
11 69 70 71 72 225 226 227 228 G
322 323 324 93 326 123 122 121 G
502 503 504 505 506 288 73 74 75 G
546 501 358 628 357 356 404 355 354 G
89 161 249 248 246 245 243 252 G
501 358 502 560 503 504 505 506 288 G
481 G
131 287 129 238 237 438 439 440 G
65 66 67 68 93 92 91 90 G
236 237 G
End:

40
208
1000
208
Start: 55

88 G
524 437 264 265 26 27 28 29 30 G
449 G
231 230 228 227 446 226 225 71 83 84 G
488 G
111 41 40 38 37 36 35 34 32 G
81 222 171 172 174 175 176 177 178 180 181 183 G
62 688 687 G
171 170 222 81 G
413 430 707 852 336 522 678 679 848 G
237 236 235 234 153 744 154 155 156 200 G
215 417 214 213 418 419 277 279 280 281 G
123 241 122 121 119 118 117 162 163 164 G
217 216 215 417 214 213 418 419 277 279 280 G
245 243 252 395 630 669 670 671 742 G
546 599 544 543 542 541 949 517 613 516 292 614 892 G
458 459 685 686 687 688 107 62 63 G
42 G
201 115 114 113 112 111 41 40 38 G
76 75 74 506 504 503 G
354 355 356 357 501 358 607 502 503 G
481 G
687 686 685 459 458 457 781 456 455 454 452 G
204 205 407 408 353 519 352 108 351 496 G
399 401 64 63 62 688 687 G
481 466 307 820 821 822 G
230 231 232 233 330 595 359 463 360 G
75 76 77 78 79 80 81 G
242 G
238 236 235 234 153 154 155 156 G
32 217 216 215 417 214 G
356 355 354 238 236 235 402 G
233 232 332 333 334 335 133 43 134 44 45 G
194 195 654 666 667 583 584 681 G
503 504 505 506 288 73 74 75 G
684 683 682 597 598 897 419 418 213 G
481 G
309 242 G
90 89 161 248 246 245 G
237 238 354 355 404 356 G
End:

40
209
1000
209
Start: 56

30 31 124 125 126 127 303 299 G
522 678 679 848 849 898 842 857 858 G
277 598 597 682 683 684 960 961 962 G
244 245 394 246 247 248 249 161 89 G
217 378 377 397 566 728 729 731 732 963 G
108 109 409 89 161 249 248 247 246 245 G
479 177 178 180 181 183 184 964 301 302 G
734 536 G
372 373 374 596 375 376 403 358 357 356 404 G
937 213 764 763 762 807 103 102 101 G
81 7 8 G
201 202 203 204 205 407 353 519 352 108 G
242 G
165 166 167 168 169 405 406 601 608 609 G
222 171 172 173 174 175 176 177 178 180 G
42 G
482 G
484 G
286 G
136 86 85 84 83 72 71 70 82 11 G
51 52 23 24 25 26 27 28 29 30 31 124 G
484 423 G
536 551 G
503 504 505 506 288 73 74 75 76 77 G
481 G
418 213 764 763 762 807 103 102 G
484 G
365 364 363 362 721 360 463 359 518 464 445 330 G
822 823 544 545 546 501 358 547 376 375 G
242 G
157 329 158 63 64 65 66 68 G
213 418 419 277 279 280 281 282 283 284 G
242 G
409 89 161 248 246 245 243 G
234 153 154 155 156 200 201 G
738 137 136 86 85 649 84 83 72 71 G
46 47 48 49 50 51 52 23 24 25 26 27 G
172 174 175 176 177 178 180 181 183 184 301 G
75 76 77 79 80 7 81 222 480 171 172 G
243 252 395 668 630 669 741 670 671 742 672 G
End:

40
220
1000
220
Start: 57

196 G
205 743 204 203 201 507 200 G
516 843 517 802 541 542 544 545 546 501 358 G
263 0 1 9 2 3 4 5 6 8 7 81 G
536 551 469 468 467 188 189 190 191 416 415 G
101 100 965 98 97 96 95 635 636 205 743 G
362 360 463 359 464 445 233 232 332 G
721 360 463 359 464 445 330 233 232 331 332 333 G
6 8 7 81 222 170 171 172 G
242 G
346 347 311 312 313 G
42 G
884 918 966 881 880 879 919 876 G
482 G
286 G
449 268 423 424 425 552 553 554 555 556 557 G
242 G
42 G
11 263 10 0 1 2 3 4 5 6 7 G
482 G
124 125 126 127 303 299 298 297 304 G
214 213 418 419 277 598 597 682 683 G
551 659 186 187 189 190 191 192 193 194 G
238 237 236 235 234 153 744 154 155 156 G
77 78 79 80 81 222 171 172 174 G
470 G
423 268 449 143 144 146 G
80 79 77 76 75 74 506 504 G
596 372 564 634 370 369 368 76 77 79 G
33 34 35 36 37 38 39 41 111 112 113 G
318 319 320 321 477 117 162 163 164 165 166 G
631 632 633 346 347 311 497 G
242 G
445 330 233 231 230 478 228 227 446 226 225 G
176 177 178 180 181 182 183 184 693 301 G
28 29 30 31 124 125 126 127 303 G
36 37 38 39 40 41 111 112 113 447 115 448 G
317 537 538 539 719 540 967 968 969 970 971 972 G
462 363 362 360 463 359 518 464 445 233 232 G
242 G
End:

40
190
1000
190
Start: 58

196 G
32 217 216 215 G
42 G
358 628 357 356 404 355 354 238 236 235 G
81 222 170 171 172 173 174 175 177 178 179 180 G
274 391 271 384 385 561 562 786 787 973 G
415 414 413 430 707 852 336 522 337 G
173 172 171 170 222 81 7 8 G
427 428 429 410 G
154 155 156 200 201 202 203 204 205 407 G
204 203 201 507 G
71 83 84 85 86 135 489 136 137 138 139 G
173 174 175 176 177 178 179 180 181 183 184 693 301 G
242 G
174 173 172 171 170 222 81 G
80 7 81 222 480 171 172 525 174 175 177 G
155 156 490 483 948 831 832 833 834 835 836 G
482 466 196 197 G
286 G
32 216 215 417 214 213 418 419 277 278 G
42 G
7 81 222 171 172 173 174 G
221 305 220 219 218 32 217 216 G
147 148 149 150 152 57 G
279 280 281 282 283 284 285 465 696 G
683 684 960 961 962 974 975 976 G
175 479 177 178 600 180 181 890 183 184 301 G
481 466 307 820 821 822 G
147 185 148 149 150 152 57 G
503 560 502 547 358 628 357 356 404 355 354 G
80 81 222 170 171 172 173 174 175 177 178 G
243 244 245 394 246 247 248 249 161 89 90 91 G
242 G
379 380 381 758 759 760 899 900 977 G
496 351 108 109 409 89 161 249 248 247 246 639 G
36 35 34 32 217 216 215 417 214 213 G
303 299 298 297 304 221 305 220 219 218 G
331 332 333 334 335 133 134 44 45 G
176 175 174 173 172 171 170 222 81 G
171 172 174 175 177 178 600 180 G
End:

40
192
1000
192
Start: 59

417 214 213 418 419 277 278 279 280 690 281 G
0 1 9 2 3 4 5 6 8 7 G
42 G
116 G
380 381 758 759 760 899 900 977 978 G
245 394 246 248 249 161 89 90 91 92 G
57 152 151 421 148 422 660 146 145 267 268 G
725 726 G
337 338 339 340 341 342 343 344 345 810 979 G
8 5 4 3 2 9 0 10 11 69 G
200 156 154 153 234 535 235 236 G
48 49 50 51 52 24 25 27 28 29 30 G
50 51 52 24 25 26 27 28 29 30 31 G
463 359 464 445 330 233 232 331 332 333 335 334 G
242 G
7 8 5 4 2 9 1 0 10 263 11 G
243 252 395 630 669 741 670 671 672 G
198 58 199 12 13 14 15 16 17 G
57 G
286 G
279 280 281 282 283 284 285 465 696 697 G
242 G
42 G
215 417 214 213 764 763 762 807 103 102 101 G
57 G
823 544 545 546 501 358 502 503 504 505 G
658 398 255 256 257 258 259 260 261 G
57 G
354 238 237 236 235 234 153 744 154 155 156 G
242 G
615 616 617 618 619 620 622 623 624 G
44 45 46 47 48 49 50 51 52 23 24 25 26 G
242 G
200 156 155 154 153 234 235 236 237 238 G
2 3 4 5 6 7 81 223 80 79 77 G
418 419 277 598 597 682 683 684 960 G
32 217 216 215 417 214 213 764 763 762 807 G
81 7 8 5 4 3 2 9 0 G
12 13 14 15 16 17 18 19 30 G
242 G
End: