This is  0  iterations.
[0 1.00000]
[1 1.00000]
[2 1.00000]
[3 1.00000]
[4 1.00000]
[5 1.00000]
[6 1.00000]
[7 1.00000]
[8 1.00000]
[9 1.00000]
This is  1  iterations.
[10 0.20000][11 0.17778][12 0.15556][13 0.13333][14 0.11111][15 0.08889][16 0.06667][17 0.04444][18 0.02222]
[19 0.20000][20 0.17778][21 0.15556][22 0.13333][23 0.11111][24 0.08889][25 0.06667][26 0.04444][27 0.02222]
[28 0.18182][29 0.16364][30 0.14545][31 0.12727][2 0.10909][32 0.09091][0 0.07273][33 0.05455][34 0.03636][35 0.01818]
[36 0.18182][37 0.16364][29 0.14545][38 0.12727][31 0.10909][32 0.09091][39 0.07273][40 0.05455][41 0.03636][42 0.01818]
[43 0.28571][44 0.23810][45 0.19048][20 0.14286][46 0.09524][23 0.04762]
[47 0.18182][40 0.16364][41 0.14545][42 0.12727][48 0.10909][8 0.09091][49 0.07273][50 0.05455][51 0.03636][52 0.01818]
[50 0.20000][52 0.17778][53 0.15556][54 0.13333][55 0.11111][56 0.08889][57 0.06667][58 0.04444][59 0.02222]
[60 0.22222][21 0.19444][61 0.16667][19 0.13889][62 0.11111][63 0.08333][64 0.05556][65 0.02778]
[66 0.18182][67 0.16364][68 0.14545][69 0.12727][70 0.10909][71 0.09091][72 0.07273][73 0.05455][74 0.03636][75 0.01818]
[76 0.20000][77 0.17778][78 0.15556][79 0.13333][80 0.11111][81 0.08889][82 0.06667][83 0.04444][84 0.02222]
This is  2  iterations.
[25 0.18182][85 0.16364][26 0.14545][27 0.12727][86 0.10909][87 0.09091][88 0.07273][89 0.05455][90 0.03636][91 0.01818]
[92 0.18182][93 0.16364][94 0.14545][95 0.12727][96 0.10909][97 0.09091][98 0.07273][99 0.05455][100 0.03636][101 0.01818]
[102 1.00000]
[103 0.18182][104 0.16364][105 0.14545][106 0.12727][107 0.10909][108 0.09091][109 0.07273][110 0.05455][111 0.03636][112 0.01818]
[113 0.18182][114 0.16364][115 0.14545][116 0.12727][117 0.10909][118 0.09091][119 0.07273][120 0.05455][121 0.03636][122 0.01818]
[123 0.20000][124 0.17778][125 0.15556][126 0.13333][127 0.11111][128 0.08889][129 0.06667][130 0.04444][131 0.02222]
[23 0.18182][132 0.16364][25 0.14545][133 0.12727][27 0.10909][134 0.09091][135 0.07273][87 0.05455][136 0.03636][137 0.01818]
[138 0.20000][139 0.17778][140 0.15556][141 0.13333][142 0.11111][143 0.08889][144 0.06667][145 0.04444][146 0.02222]
[147 0.25000][148 0.21429][149 0.17857][150 0.14286][151 0.10714][152 0.07143][153 0.03571]
[154 0.25000][155 0.21429][156 0.17857][157 0.14286][158 0.10714][159 0.07143][160 0.03571]
This is  3  iterations.
[32 0.18182][39 0.16364][47 0.14545][41 0.12727][35 0.10909][42 0.09091][8 0.07273][49 0.05455][161 0.03636][162 0.01818]
[163 1.00000]
[164 0.18182][165 0.16364][166 0.14545][167 0.12727][168 0.10909][169 0.09091][170 0.07273][171 0.05455][172 0.03636][173 0.01818]
[174 1.00000]
[131 1.00000]
[40 0.18182][35 0.16364][42 0.14545][48 0.12727][8 0.10909][49 0.09091][161 0.07273][175 0.05455][176 0.03636][53 0.01818]
[163 1.00000]
[177 0.18182][178 0.16364][179 0.14545][180 0.12727][181 0.10909][182 0.09091][183 0.07273][184 0.05455][185 0.03636][186 0.01818]
[187 1.00000]
[2 0.18182][32 0.16364][0 0.14545][34 0.12727][41 0.10909][35 0.09091][42 0.07273][48 0.05455][8 0.03636][49 0.01818]
This is  4  iterations.
[188 0.22222][189 0.19444][190 0.16667][191 0.13889][192 0.11111][193 0.08333][194 0.05556][195 0.02778]
[153 1.00000]
[196 1.00000]
[149 0.28571][197 0.23810][150 0.19048][151 0.14286][152 0.09524][153 0.04762]
[198 0.18182][91 0.16364][90 0.14545][199 0.12727][200 0.10909][201 0.09091][86 0.07273][202 0.05455][85 0.03636][203 0.01818]
[204 0.18182][190 0.16364][205 0.14545][189 0.12727][206 0.10909][207 0.09091][208 0.07273][209 0.05455][210 0.03636][211 0.01818]
[90 0.18182][199 0.16364][200 0.14545][201 0.12727][86 0.10909][212 0.09091][26 0.07273][85 0.05455][25 0.03636][24 0.01818]
[187 1.00000]
[213 0.18182][198 0.16364][214 0.14545][215 0.12727][216 0.10909][217 0.09091][201 0.07273][218 0.05455][212 0.03636][202 0.01818]
[219 0.18182][220 0.16364][221 0.14545][222 0.12727][223 0.10909][224 0.09091][225 0.07273][226 0.05455][227 0.03636][177 0.01818]
This is  5  iterations.
[228 1.00000]
[229 1.00000]
[174 1.00000]
[230 1.00000]
[231 1.00000]
[126 0.33333][127 0.26667][232 0.20000][128 0.13333][129 0.06667]
[233 1.00000]
[230 1.00000]
[179 0.18182][180 0.16364][181 0.14545][182 0.12727][234 0.10909][183 0.09091][184 0.07273][235 0.05455][236 0.03636][237 0.01818]
[238 1.00000]
This is  6  iterations.
[163 1.00000]
[239 0.20000][240 0.17778][241 0.15556][242 0.13333][243 0.11111][244 0.08889][245 0.06667][246 0.04444][247 0.02222]
[248 1.00000]
[230 1.00000]
[249 0.18182][250 0.16364][251 0.14545][252 0.12727][253 0.10909][254 0.09091][255 0.07273][256 0.05455][257 0.03636][258 0.01818]
[129 0.66667][130 0.33333]
[22 1.00000]
[259 0.66667][60 0.33333]
[260 0.66667][261 0.33333]
[241 1.00000]
This is  7  iterations.
[228 1.00000]
[262 0.28571][263 0.23810][264 0.19048][265 0.14286][266 0.09524][267 0.04762]
[268 1.00000]
[246 0.20000][247 0.17778][269 0.15556][270 0.13333][271 0.11111][272 0.08889][273 0.06667][274 0.04444][275 0.02222]
[276 0.18182][277 0.16364][278 0.14545][279 0.12727][280 0.10909][281 0.09091][282 0.07273][283 0.05455][284 0.03636][285 0.01818]
[163 0.40000][286 0.30000][287 0.20000][288 0.10000]
[233 0.66667][4 0.33333]
[230 0.66667][233 0.33333]
[238 1.00000]
[289 0.20000][290 0.17778][291 0.15556][257 0.13333][258 0.11111][292 0.08889][293 0.06667][294 0.04444][295 0.02222]
This is  8  iterations.
[296 0.18182][37 0.16364][29 0.14545][30 0.12727][31 0.10909][2 0.09091][32 0.07273][33 0.05455][34 0.03636][41 0.01818]
[36 0.18182][37 0.16364][29 0.14545][38 0.12727][31 0.10909][2 0.09091][297 0.07273][47 0.05455][40 0.03636][41 0.01818]
[298 1.00000]
[174 1.00000]
[102 1.00000]
[299 1.00000]
[300 0.18182][301 0.16364][302 0.14545][303 0.12727][304 0.10909][305 0.09091][306 0.07273][307 0.05455][308 0.03636][228 0.01818]
[94 0.20000][96 0.17778][309 0.15556][310 0.13333][99 0.11111][100 0.08889][311 0.06667][312 0.04444][313 0.02222]
[314 0.18182][315 0.16364][316 0.14545][317 0.12727][318 0.10909][319 0.09091][320 0.07273][321 0.05455][322 0.03636][323 0.01818]
[324 0.20000][325 0.17778][326 0.15556][327 0.13333][328 0.11111][329 0.08889][330 0.06667][331 0.04444][332 0.02222]
This is  9  iterations.
[42 0.20000][48 0.17778][8 0.15556][161 0.13333][162 0.11111][175 0.08889][53 0.06667][333 0.04444][334 0.02222]
[241 1.00000]
[153 1.00000]
[153 1.00000]
[335 0.20000][336 0.17778][337 0.15556][338 0.13333][339 0.11111][340 0.08889][341 0.06667][342 0.04444][343 0.02222]
[344 0.18182][345 0.16364][346 0.14545][347 0.12727][348 0.10909][349 0.09091][350 0.07273][67 0.05455][351 0.03636][69 0.01818]
[241 1.00000]
[352 0.20000][78 0.17778][353 0.15556][354 0.13333][355 0.11111][356 0.08889][357 0.06667][358 0.04444][359 0.02222]
[323 0.22222][360 0.19444][7 0.16667][361 0.13889][362 0.11111][363 0.08333][364 0.05556][365 0.02778]
[366 0.18182][367 0.16364][368 0.14545][369 0.12727][370 0.10909][371 0.09091][372 0.07273][373 0.05455][374 0.03636][375 0.01818]
