74
57
1000
57
Start: 0

0 G
1 G
2 G
3 G
4 G
5 G
6 G
7 G
8 G
9 G
10 G
1 G
11 G
12 G
13 G
14 G
15 G
16 G
17 G
18 G
19 G
20 G
21 G
22 G
16 G
23 G
24 G
24 G
15 G
25 G
26 G
27 G
28 G
29 G
30 G
7 G
1 G
31 G
32 G
1 G
33 G
34 G
35 G
30 G
36 G
23 G
16 G
37 G
7 G
38 G
39 G
40 G
41 G
42 G
43 G
44 G
45 G
46 G
11 G
10 G
30 G
47 G
30 G
48 G
49 G
50 G
51 G
52 G
53 G
0 G
54 G
20 G
55 G
56 G
End: 

89
278
1000
278
Start: 1

56 G
57 G
58 59 4 60 61 62 63 64 65 66 G
38 G
57 G
67 G
68 G
69 G
70 71 G
69 G
72 73 74 75 76 77 78 79 80 81 G
82 G
36 G
83 G
84 85 86 87 88 89 90 91 92 93 G
94 95 96 97 98 99 14 100 G
101 102 103 104 105 106 107 108 109 110 G
111 96 95 94 112 113 114 115 116 117 G
24 G
118 119 120 121 122 123 124 125 126 127 G
108 109 110 128 18 129 130 131 G
132 G
133 134 135 136 137 138 139 140 141 142 G
71 G
143 G
143 G
144 145 146 147 148 149 150 151 152 153 G
154 155 156 157 158 159 160 161 162 163 G
67 G
16 G
36 G
164 G
24 G
98 99 14 100 165 166 167 168 G
97 98 99 14 100 165 166 G
169 170 171 172 173 174 175 176 G
15 G
24 G
177 178 179 154 156 157 158 159 160 161 G
11 G
180 G
181 182 183 184 185 186 187 188 189 190 G
67 G
191 G
192 193 194 195 196 197 198 17 22 199 G
200 201 202 203 204 205 206 207 208 209 G
210 211 212 213 214 215 216 217 G
218 219 220 221 222 223 G
164 G
19 G
40 G
11 G
71 G
224 G
225 G
19 G
226 G
227 228 219 229 230 231 232 233 234 235 G
236 237 238 239 240 241 187 50 185 184 G
224 G
34 G
69 G
69 G
164 G
242 243 244 245 246 247 248 249 250 G
24 G
251 252 253 254 255 256 257 258 259 260 G
261 262 263 264 265 266 267 268 269 242 G
124 270 126 127 271 272 144 273 146 274 G
275 201 276 113 48 277 94 G
34 G
278 279 280 281 282 283 284 285 286 287 G
288 289 290 291 292 293 294 26 295 296 G
10 G
24 G
297 G
24 G
16 G
180 G
15 G
199 298 299 300 301 302 303 304 305 306 G
225 G
71 70 307 G
34 G
67 G
224 G
308 269 309 267 265 310 311 312 313 314 G
44 G
34 G
End: 

88
280
1000
280
Start: 2

56 315 307 316 G
57 G
317 318 319 320 321 G
38 24 G
57 G
67 G
68 G
69 G
71 36 G
69 G
322 323 324 325 326 327 255 256 257 259 G
82 34 G
36 328 11 53 329 G
83 G
165 166 167 168 330 331 332 333 334 335 G
128 18 129 130 336 337 338 3 339 G
340 341 342 343 344 345 346 347 348 349 G
24 16 G
350 272 351 144 145 147 274 352 149 150 G
353 3 354 355 356 357 358 359 360 361 G
132 G
362 363 364 365 366 367 368 369 370 G
71 15 371 G
143 G
143 G
163 G
67 G
16 40 56 315 372 G
36 328 373 11 53 G
164 G
24 16 56 G
330 331 332 374 334 335 375 376 377 378 G
167 330 379 331 374 333 334 335 375 377 G
380 287 286 285 381 382 383 384 385 386 G
15 328 373 G
24 16 11 56 G
162 163 G
11 56 315 36 G
180 G
387 388 284 389 390 391 392 G
67 G
191 34 393 394 G
395 396 397 398 399 400 401 402 403 404 G
298 299 300 301 302 303 405 305 406 407 G
408 409 410 411 412 413 414 415 416 5 G
371 G
417 178 179 154 155 157 158 159 160 161 G
164 G
19 G
40 56 315 372 316 418 G
11 56 315 36 307 70 G
173 419 420 421 422 423 424 425 426 427 G
71 36 328 G
224 428 429 430 431 G
225 224 428 432 G
19 433 434 G
226 G
435 436 437 46 438 108 109 439 110 440 G
441 182 181 201 276 113 442 115 443 G
224 444 432 430 82 G
34 393 432 444 224 G
69 G
69 G
164 G
445 446 447 448 449 450 451 452 453 454 G
24 53 G
455 12 7 456 457 458 459 460 461 G
243 244 245 246 247 248 462 463 464 G
241 187 465 189 190 387 388 G
466 95 96 97 467 468 469 470 G
34 393 444 471 225 G
380 176 472 175 174 419 473 474 170 169 G
296 G
10 G
24 53 11 56 G
297 G
24 G
16 11 56 315 G
180 G
15 328 373 53 329 G
225 224 444 432 G
307 36 328 56 G
34 393 432 G
67 G
224 428 432 430 82 G
475 476 477 478 479 480 481 482 483 484 G
44 35 37 485 G
34 393 394 471 486 G
End: 

87
357
1000
357
Start: 3

487 370 488 489 490 491 492 493 494 G
24 11 56 36 307 316 487 495 369 G
321 G
24 16 56 315 372 316 418 495 G
24 16 56 315 307 316 418 495 370 G
67 G
199 22 198 197 496 497 25 498 193 192 G
68 G
69 G
36 328 373 53 329 132 499 500 501 502 G
69 G
260 455 503 12 7 504 456 505 506 507 G
34 432 429 508 509 510 511 512 513 G
132 514 515 500 516 517 518 519 520 521 G
83 G
17 198 197 497 522 194 193 192 523 524 G
376 377 525 378 526 527 528 529 530 531 G
532 356 357 533 534 360 535 536 10 537 G
349 G
16 56 315 372 316 418 538 495 G
535 10 G
57 24 11 56 36 307 487 495 G
539 490 540 492 493 541 542 543 544 545 G
371 546 547 214 548 549 2 51 550 551 G
143 G
143 G
163 G
67 G
316 418 538 370 488 552 G
132 499 515 501 502 517 519 13 521 553 G
164 G
315 372 316 418 538 495 370 G
554 555 527 529 530 556 531 557 558 559 G
525 378 554 527 528 529 530 556 560 561 G
562 97 96 95 563 564 48 565 566 567 G
53 329 568 499 569 500 501 570 517 571 G
315 307 316 418 495 370 539 489 490 G
163 G
316 487 495 370 539 489 572 540 491 573 G
180 G
574 575 576 577 578 579 580 581 582 G
67 G
583 584 585 586 587 588 589 590 591 592 G
593 594 595 596 597 598 599 129 18 440 G
5 600 601 602 603 604 605 606 607 608 G
371 G
162 G
164 G
289 290 609 291 610 293 294 26 G
433 434 37 611 612 613 226 614 615 616 G
370 488 489 617 491 493 541 618 619 544 G
495 370 539 489 490 491 492 493 541 618 G
620 621 622 623 624 625 626 627 85 86 G
328 373 53 329 132 499 628 501 570 G
430 629 630 631 632 633 634 635 636 637 G
37 611 612 613 226 615 638 616 639 640 G
226 G
18 129 641 642 643 644 645 646 647 G
116 117 340 341 648 342 343 344 649 346 G
630 650 651 633 634 652 653 654 655 656 G
657 619 658 618 659 573 660 661 572 662 G
69 G
69 G
164 G
663 664 665 666 667 187 465 188 189 G
668 669 351 670 671 672 673 674 675 676 G
11 56 36 307 316 487 495 369 539 489 G
677 678 679 680 681 682 683 684 685 686 G
445 446 447 687 688 449 689 451 452 690 G
284 390 691 392 574 575 576 577 578 579 G
692 134 135 693 137 694 138 139 695 141 G
657 658 696 659 697 660 661 662 698 369 G
699 700 701 702 703 704 705 706 707 708 G
296 709 G
10 G
315 307 316 487 495 369 539 489 572 540 G
297 G
16 56 315 316 418 495 370 539 G
307 418 495 370 488 489 490 617 492 G
180 G
132 569 500 570 517 519 13 710 553 711 G
430 82 630 650 651 712 633 634 635 713 G
11 53 329 132 499 515 501 502 517 518 G
444 224 225 657 619 658 618 659 493 660 G
67 G
714 715 716 717 718 719 720 721 722 723 G
724 658 725 726 727 661 728 698 729 730 G
End: 

94
376
1000
376
Start: 4

542 543 544 545 731 732 733 510 734 735 G
489 572 540 660 573 659 618 542 619 544 G
321 G
495 370 539 489 572 540 491 573 493 659 G
369 539 489 572 540 573 493 659 618 658 G
67 G
736 524 737 738 739 740 741 742 743 744 G
68 745 G
69 G
517 518 13 521 710 746 747 711 G
748 749 750 699 751 752 701 753 754 704 G
69 G
755 756 757 678 679 758 759 G
718 746 716 760 G
83 G
737 761 21 101 102 762 104 105 107 108 G
560 561 558 763 764 765 766 767 768 769 G
537 G
349 G
370 488 489 490 617 491 770 541 G
10 G
495 369 368 G
428 732 733 510 734 735 771 772 773 774 G
775 776 777 778 779 780 781 782 783 784 G
785 786 99 787 788 789 281 282 283 389 G
143 G
143 G
163 G
67 G
489 490 540 491 573 493 541 659 G
747 711 760 G
164 G
488 489 490 617 491 492 493 618 542 G
779 790 780 782 783 791 792 793 794 795 G
558 559 763 765 766 767 768 769 796 797 G
798 799 800 801 802 803 804 805 806 570 G
807 808 759 758 790 781 757 756 507 506 G
519 13 521 710 553 747 711 809 G
775 776 808 759 790 780 781 783 784 507 G
810 509 811 G
491 492 493 541 542 543 544 812 428 732 G
759 758 780 781 757 755 507 506 505 794 G
170 474 172 173 813 814 815 816 G
672 126 674 675 676 817 818 819 820 821 G
496 497 25 193 192 736 524 761 822 823 G
808 758 790 781 782 783 507 506 824 794 G
163 G
541 618 542 619 544 812 224 428 429 430 G
180 G
825 826 827 828 829 830 831 832 833 834 G
67 G
835 141 695 139 836 837 838 135 134 692 G
110 839 109 840 107 438 841 437 842 G
843 844 80 845 846 77 76 75 73 847 G
371 G
162 G
164 G
295 296 848 68 G
645 646 849 850 851 852 853 854 G
675 855 856 857 858 820 58 59 4 859 G
860 861 640 862 863 864 865 866 867 868 G
224 428 430 82 631 869 633 634 636 870 G
871 872 873 874 875 876 877 878 879 880 G
542 619 544 224 428 432 430 82 630 869 G
517 571 519 13 881 710 553 747 711 G
882 863 864 865 883 867 868 884 885 30 G
226 G
850 852 886 853 854 887 888 889 890 G
347 348 349 G
891 892 893 894 622 895 896 897 898 899 G
539 729 487 70 307 36 56 321 900 G
69 G
69 G
164 G
387 901 388 284 389 691 391 902 903 904 G
817 857 819 820 905 59 4 60 61 62 G
540 491 573 493 659 618 619 544 225 224 G
906 454 663 664 665 666 667 187 465 G
580 581 621 622 907 624 908 625 626 G
835 362 909 363 364 910 366 911 367 368 G
730 70 71 328 373 53 568 499 569 500 G
709 68 912 G
10 G
573 493 659 618 658 619 657 224 444 432 G
297 G
489 617 491 492 493 541 618 542 544 812 G
493 541 542 543 544 545 731 732 733 510 G
180 G
809 G
519 520 710 553 747 711 G
661 572 662 539 369 729 487 70 307 36 G
67 G
913 914 915 38 24 40 315 372 418 495 G
70 15 328 916 329 499 569 501 570 571 G
End: 

95
344
1000
344
Start: 5

790 781 782 783 784 791 792 793 G
508 G
224 428 432 430 82 631 651 712 633 635 G
321 G
542 619 544 224 444 432 82 630 650 651 G
544 225 224 432 34 82 631 651 712 634 G
67 G
917 918 919 920 921 922 923 924 925 926 G
69 G
711 G
782 783 784 791 792 793 505 794 927 45 G
69 G
759 778 928 929 930 931 932 933 934 G
760 G
83 G
109 439 110 128 18 129 130 336 337 G
537 G
781 782 784 507 506 824 794 795 927 45 G
349 G
494 542 544 812 545 731 732 733 510 734 G
10 G
367 366 365 364 363 909 362 142 935 G
791 793 505 794 795 45 936 43 937 938 G
286 287 939 940 472 941 421 422 G
143 G
143 G
163 G
67 G
542 543 544 812 224 428 432 430 629 630 G
760 G
164 G
619 544 224 428 432 430 82 631 651 712 G
45 936 937 942 943 944 945 946 947 948 G
570 502 949 950 951 952 953 954 G
811 G
824 505 795 7 955 1 9 0 943 944 G
809 G
824 505 794 927 45 936 937 942 956 944 G
811 G
957 733 734 511 735 771 958 773 774 959 G
795 45 936 1 0 956 943 945 960 947 G
961 962 236 963 238 239 240 241 187 186 G
58 4 60 61 964 62 64 65 66 317 G
102 762 104 105 106 108 109 439 110 18 G
784 506 824 505 795 927 45 43 9 956 G
795 927 936 43 937 938 943 944 960 946 G
163 G
193 192 523 524 737 761 823 101 102 104 G
82 631 651 712 633 634 635 636 713 654 G
180 G
67 G
470 786 469 965 966 550 967 210 211 212 G
968 234 969 232 970 230 971 219 G
72 972 973 773 958 974 975 976 977 G
371 G
162 G
164 G
887 888 889 978 979 980 981 982 983 984 G
964 62 63 65 66 985 54 319 320 G
757 756 507 506 824 505 794 795 955 20 G
986 884 885 23 8 987 12 7 456 457 G
988 989 990 32 962 816 991 992 174 175 G
711 G
8 987 12 504 456 457 459 460 461 677 G
226 G
39 979 993 981 982 983 994 984 995 996 G
349 G
997 998 423 999 1000 419 473 474 1001 1002 G
319 1003 54 317 66 1004 G
69 G
69 G
696 725 726 727 661 1005 662 698 729 730 G
164 G
1006 1007 1008 49 379 331 332 374 334 G
63 64 1004 985 54 1003 319 900 321 G
444 432 34 630 650 651 712 633 1009 652 G
189 190 387 388 389 390 691 392 G
84 85 86 87 88 1010 89 91 1011 92 G
368 369 488 489 490 617 491 492 541 G
570 517 1012 13 881 710 553 747 G
1013 G
10 G
295 1014 1015 395 610 397 398 399 400 401 G
430 82 630 650 712 633 1009 652 713 654 G
297 G
545 428 732 957 733 734 511 735 771 772 G
734 735 771 772 773 774 959 1016 1017 1018 G
180 G
809 G
711 G
36 56 321 900 319 1003 54 317 1019 1004 G
67 G
488 489 490 491 492 493 494 542 543 812 G
724 1020 696 725 726 697 661 1005 662 698 G
519 13 710 553 1021 747 G
End: 

83
262
1000
262
Start: 6

793 G
508 G
321 G
67 G
1022 1023 1024 1025 1026 1027 119 120 122 1028 G
69 G
711 G
1029 1030 1031 1032 1033 G
936 43 937 942 956 944 945 960 946 947 G
69 G
1034 1035 1036 1037 1038 1039 1040 41 G
760 G
83 G
338 3 339 355 1041 356 357 358 1042 360 G
537 G
43 9 0 956 944 945 960 946 1043 948 G
349 G
10 G
591 590 1044 588 587 586 585 1045 1046 G
943 944 945 960 947 1043 948 1047 1048 1049 G
1050 424 425 1051 426 G
143 G
143 G
163 G
67 G
760 G
164 G
1047 1048 1049 1052 1053 1054 1055 1056 G
1057 52 1058 1059 1060 1061 1062 1063 1064 1065 G
811 G
945 946 947 1066 1067 1048 1068 1049 1069 1053 G
809 G
945 960 946 1043 948 1047 1068 1049 1052 1053 G
811 G
1066 1070 1048 1068 1049 1069 1053 1071 1055 1056 G
1072 441 182 200 201 276 48 565 566 G
318 319 320 G
1073 129 130 336 337 338 3 355 532 356 G
943 944 960 946 947 1070 1067 1048 1049 1052 G
1043 948 1047 1068 1049 1069 1053 1054 1074 1055 G
163 G
105 841 437 842 435 1075 969 232 970 230 G
180 G
67 G
1076 215 216 217 G
220 1077 222 223 417 178 179 154 156 157 G
371 G
162 G
164 G
1078 1079 1080 1081 1082 1083 1033 31 1084 G
320 900 G
1 9 0 956 944 945 1085 1086 947 1066 G
458 459 460 461 677 678 679 680 681 682 G
176 380 287 286 388 381 382 383 280 279 G
711 G
509 G
678 680 681 682 1087 684 685 1088 1089 G
226 G
1080 1081 1082 1083 1033 31 1084 1031 1030 G
349 G
699 700 701 753 754 705 1090 1091 1092 1093 G
69 G
69 G
70 71 15 G
164 G
335 375 377 525 554 555 527 529 530 531 G
321 G
574 1094 576 1095 1096 578 579 580 581 G
494 542 543 544 812 G
704 703 753 702 752 751 1097 169 170 474 G
747 G
1013 G
10 G
1098 403 404 593 594 596 597 1099 598 599 G
297 G
180 G
809 G
711 G
1100 1101 1102 1103 1104 859 1105 1106 1107 905 G
67 G
812 545 224 G
368 729 730 70 71 36 G
747 G
End: 

87
234
1000
234
Start: 7

793 G
508 811 429 428 444 G
321 315 56 328 371 216 214 1076 G
67 G
123 124 270 126 127 350 1108 144 145 147 G
69 G
711 G
31 41 1040 1039 1109 1110 1111 1034 G
1043 948 1047 1068 1049 1052 1069 1053 1054 G
69 G
31 1084 1112 1031 1030 1113 1029 1114 G
760 G
83 G
361 535 536 10 537 1115 37 G
537 1115 37 1116 349 G
1047 1048 1049 1052 1069 1053 1054 1071 G
349 G
703 702 752 751 169 1117 171 172 473 173 G
10 537 434 G
22 17 198 197 196 497 25 498 193 523 G
1046 471 444 432 G
1052 1069 1053 1071 1055 1056 G
143 G
143 G
163 G
67 G
34 G
760 G
164 G
1056 G
1118 1119 1120 1121 1122 1123 1124 905 G
811 432 444 471 1046 584 585 G
1071 1055 1056 614 G
809 G
1054 1074 G
811 429 428 444 224 657 619 G
1056 G
567 1125 1126 801 1127 802 1128 805 806 570 G
320 321 G
357 533 534 360 361 535 536 10 537 G
1069 1054 1055 1056 G
1055 G
163 G
971 219 228 1129 1130 1131 1132 1133 G
180 G
67 G
217 328 56 321 900 G
158 160 161 G
1134 1135 984 994 1136 1137 993 980 39 1138 G
371 328 56 321 900 319 1003 G
162 G
164 G
1031 1030 1113 1029 1114 1139 1140 G
900 321 315 328 G
1067 1048 1068 1049 1052 1069 1054 1055 G
1087 684 685 686 1088 1089 1141 1142 1143 1144 G
278 98 468 1145 469 470 133 134 135 G
711 G
509 1013 G
34 G
226 G
1113 G
349 G
191 G
69 G
69 G
15 G
164 G
560 561 559 763 765 766 767 769 797 G
34 G
321 315 328 371 216 G
621 1146 907 623 624 908 626 627 84 85 G
812 545 224 428 732 508 733 G
172 173 419 420 421 422 1050 423 1147 G
747 G
1013 811 G
10 537 1148 434 433 715 G
129 440 110 839 109 840 107 438 841 G
297 G
180 G
809 G
711 G
1149 858 1150 818 1151 855 1152 124 123 122 G
67 G
224 428 732 957 733 734 G
36 G
747 G
End: 

88
315
1000
315
Start: 8

793 505 794 795 927 45 G
224 225 657 619 658 618 726 697 660 661 G
212 549 2 51 550 1153 1154 786 99 98 G
67 G
69 G
711 G
934 932 931 930 1155 1156 779 790 780 G
1054 1071 1055 G
69 G
1139 1140 1157 1158 G
198 197 196 497 25 498 192 523 736 524 G
760 G
83 G
1116 348 347 346 649 344 1159 1160 341 1161 G
22 17 198 197 497 522 25 193 192 523 G
347 346 649 344 1162 1160 1161 1163 116 115 G
1055 G
349 G
419 420 421 422 423 1147 425 1051 426 1164 G
433 715 716 717 718 719 720 721 722 723 G
736 524 737 761 823 101 102 762 104 105 G
430 82 630 650 712 634 652 653 G
1056 G
143 G
143 G
163 G
67 G
34 G
760 G
164 G
752 751 169 1117 171 172 473 173 419 174 G
1056 G
1149 858 1150 818 1151 855 1152 124 125 672 G
586 1165 1166 588 589 1167 590 591 592 835 G
614 G
298 199 1168 198 1169 496 497 25 194 193 G
809 G
1074 G
658 618 659 726 660 661 572 662 539 369 G
1056 G
502 949 950 951 1170 1171 954 1057 52 1058 G
315 328 371 547 214 1076 212 211 2 51 G
1115 485 1172 348 347 345 649 344 1162 1160 G
1056 G
1055 G
163 G
1173 1174 1175 1176 1177 1178 1179 1180 1181 1182 G
180 G
67 G
319 G
161 G
889 888 887 1183 1184 1185 1186 1187 1188 G
1189 801 800 799 567 1190 1191 277 G
54 317 1019 1004 64 1101 62 1103 61 1105 G
162 G
164 G
371 216 214 1076 212 211 2 1192 1153 1154 G
1055 G
895 582 581 1193 1194 578 1095 576 1094 G
136 137 694 139 695 140 835 935 1195 590 G
711 G
811 429 432 444 583 1046 1196 584 G
34 G
226 G
349 G
1161 1163 1197 1198 1199 1191 1200 798 799 800 G
191 G
69 G
69 G
15 G
164 G
34 G
547 214 212 549 2 51 550 966 469 468 G
86 1201 87 1010 89 90 91 1011 93 1202 G
510 734 511 735 771 772 958 773 774 1203 G
1204 1051 426 427 620 581 621 1146 907 623 G
747 G
429 432 444 583 1046 G
1205 717 746 719 520 721 1206 949 913 914 G
842 435 968 234 232 970 230 971 219 G
297 G
180 G
809 G
711 G
121 120 119 118 1027 1026 1207 1025 1024 1023 G
67 G
36 G
747 G
End: 

89
294
1000
294
Start: 9

45 G
572 662 698 369 730 1208 71 15 G
278 279 789 1209 1210 1211 389 691 392 574 G
67 G
69 G
711 G
781 782 783 G
1055 G
69 G
737 822 823 101 102 762 104 438 841 437 G
760 G
83 G
1163 116 1212 1213 565 277 94 95 96 111 G
736 1214 761 822 823 101 102 762 104 438 G
442 48 564 95 96 97 98 99 14 G
1055 G
349 G
581 621 622 623 624 908 626 627 84 86 G
913 1215 915 57 24 16 11 56 G
498 193 523 736 524 737 822 823 102 762 G
841 437 842 435 968 234 969 970 1216 971 G
1056 G
143 G
143 G
163 G
67 G
34 G
760 G
164 G
175 176 380 287 1217 285 389 G
1056 G
127 350 1108 351 145 146 147 274 352 150 G
141 140 695 139 1218 837 838 1219 135 134 G
614 G
192 523 524 737 1220 738 739 1221 741 1222 G
809 G
1074 G
487 70 307 36 G
1056 G
1059 1223 1061 1062 1063 1064 1224 1118 1119 G
550 966 965 786 99 787 788 789 281 282 G
1225 1161 1163 1197 115 442 565 277 94 95 G
1056 G
1055 G
163 G
1226 1227 1228 1229 1230 1058 52 954 G
180 G
67 G
161 G
1231 1232 1233 1234 1235 944 868 1086 1236 G
94 95 96 97 467 468 469 966 550 G
1106 1107 905 1149 858 1150 818 1151 855 1152 G
162 G
825 582 621 622 907 623 908 625 626 G
164 G
469 468 98 278 279 280 383 282 283 389 G
1055 G
1237 392 691 390 389 G
1044 588 587 1165 585 584 1046 471 428 732 G
711 G
586 1165 587 588 589 1167 590 591 1195 1238 G
34 G
226 G
349 G
801 802 803 804 805 806 502 949 950 951 G
191 G
69 G
69 G
15 G
164 G
34 G
99 787 788 789 281 282 283 284 285 1217 G
753 702 752 751 169 1117 171 474 473 173 G
1078 995 1080 1081 1082 1239 41 1040 1038 1109 G
970 971 218 1240 1241 1242 1243 G
624 908 625 626 627 85 86 1244 87 88 G
747 G
915 38 24 16 40 G
220 221 1077 1245 417 177 179 154 155 157 G
297 G
180 G
809 G
1246 1184 1247 887 853 886 1248 851 594 647 G
496 497 25 498 192 523 524 737 1220 1249 G
711 G
1250 1022 1251 1252 925 1253 1254 1255 922 1256 G
67 G
36 G
747 G
End: 

