This is  0  iterations.
[0 1.00000]
[1 1.00000]
[2 1.00000]
[3 1.00000]
[4 1.00000]
[5 1.00000]
[6 1.00000]
[7 1.00000]
[8 1.00000]
[9 1.00000]
[10 1.00000]
[1 1.00000]
[11 1.00000]
[12 1.00000]
[13 1.00000]
[14 1.00000]
[15 1.00000]
[16 1.00000]
[17 1.00000]
[18 1.00000]
[19 1.00000]
[20 1.00000]
[21 1.00000]
[22 1.00000]
[16 1.00000]
[23 1.00000]
[24 1.00000]
[24 1.00000]
[15 1.00000]
[25 1.00000]
[26 1.00000]
[27 1.00000]
[28 1.00000]
[29 1.00000]
[30 1.00000]
[7 1.00000]
[1 1.00000]
[31 1.00000]
[32 1.00000]
[1 1.00000]
[33 1.00000]
[34 1.00000]
[35 1.00000]
[30 1.00000]
[36 1.00000]
[23 1.00000]
[16 1.00000]
[37 1.00000]
[7 1.00000]
[38 1.00000]
[39 1.00000]
[40 1.00000]
[41 1.00000]
[42 1.00000]
[43 1.00000]
[44 1.00000]
[45 1.00000]
[46 1.00000]
[11 1.00000]
[10 1.00000]
[30 1.00000]
[47 1.00000]
[30 1.00000]
[48 1.00000]
[49 1.00000]
[50 1.00000]
[51 1.00000]
[52 1.00000]
[53 1.00000]
[0 1.00000]
[54 1.00000]
[20 1.00000]
[55 1.00000]
[56 1.00000]
This is  1  iterations.
[56 1.00000]
[57 1.00000]
[58 0.18182][59 0.16364][4 0.14545][60 0.12727][61 0.10909][62 0.09091][63 0.07273][64 0.05455][65 0.03636][66 0.01818]
[38 1.00000]
[57 1.00000]
[67 1.00000]
[68 1.00000]
[69 1.00000]
[70 0.66667][71 0.33333]
[69 1.00000]
[72 0.18182][73 0.16364][74 0.14545][75 0.12727][76 0.10909][77 0.09091][78 0.07273][79 0.05455][80 0.03636][81 0.01818]
[82 1.00000]
[36 1.00000]
[83 1.00000]
[84 0.18182][85 0.16364][86 0.14545][87 0.12727][88 0.10909][89 0.09091][90 0.07273][91 0.05455][92 0.03636][93 0.01818]
[94 0.22222][95 0.19444][96 0.16667][97 0.13889][98 0.11111][99 0.08333][14 0.05556][100 0.02778]
[101 0.18182][102 0.16364][103 0.14545][104 0.12727][105 0.10909][106 0.09091][107 0.07273][108 0.05455][109 0.03636][110 0.01818]
[111 0.18182][96 0.16364][95 0.14545][94 0.12727][112 0.10909][113 0.09091][114 0.07273][115 0.05455][116 0.03636][117 0.01818]
[24 1.00000]
[118 0.18182][119 0.16364][120 0.14545][121 0.12727][122 0.10909][123 0.09091][124 0.07273][125 0.05455][126 0.03636][127 0.01818]
[108 0.22222][109 0.19444][110 0.16667][128 0.13889][18 0.11111][129 0.08333][130 0.05556][131 0.02778]
[132 1.00000]
[133 0.18182][134 0.16364][135 0.14545][136 0.12727][137 0.10909][138 0.09091][139 0.07273][140 0.05455][141 0.03636][142 0.01818]
[71 1.00000]
[143 1.00000]
[143 1.00000]
[144 0.18182][145 0.16364][146 0.14545][147 0.12727][148 0.10909][149 0.09091][150 0.07273][151 0.05455][152 0.03636][153 0.01818]
[154 0.18182][155 0.16364][156 0.14545][157 0.12727][158 0.10909][159 0.09091][160 0.07273][161 0.05455][162 0.03636][163 0.01818]
[67 1.00000]
[16 1.00000]
[36 1.00000]
[164 1.00000]
[24 1.00000]
[98 0.22222][99 0.19444][14 0.16667][100 0.13889][165 0.11111][166 0.08333][167 0.05556][168 0.02778]
[97 0.25000][98 0.21429][99 0.17857][14 0.14286][100 0.10714][165 0.07143][166 0.03571]
[169 0.22222][170 0.19444][171 0.16667][172 0.13889][173 0.11111][174 0.08333][175 0.05556][176 0.02778]
[15 1.00000]
[24 1.00000]
[177 0.18182][178 0.16364][179 0.14545][154 0.12727][156 0.10909][157 0.09091][158 0.07273][159 0.05455][160 0.03636][161 0.01818]
[11 1.00000]
[180 1.00000]
[181 0.18182][182 0.16364][183 0.14545][184 0.12727][185 0.10909][186 0.09091][187 0.07273][188 0.05455][189 0.03636][190 0.01818]
[67 1.00000]
[191 1.00000]
[192 0.18182][193 0.16364][194 0.14545][195 0.12727][196 0.10909][197 0.09091][198 0.07273][17 0.05455][22 0.03636][199 0.01818]
[200 0.18182][201 0.16364][202 0.14545][203 0.12727][204 0.10909][205 0.09091][206 0.07273][207 0.05455][208 0.03636][209 0.01818]
[210 0.22222][211 0.19444][212 0.16667][213 0.13889][214 0.11111][215 0.08333][216 0.05556][217 0.02778]
[218 0.28571][219 0.23810][220 0.19048][221 0.14286][222 0.09524][223 0.04762]
[164 1.00000]
[19 1.00000]
[40 1.00000]
[11 1.00000]
[71 1.00000]
[224 1.00000]
[225 1.00000]
[19 1.00000]
[226 1.00000]
[227 0.18182][228 0.16364][219 0.14545][229 0.12727][230 0.10909][231 0.09091][232 0.07273][233 0.05455][234 0.03636][235 0.01818]
[236 0.18182][237 0.16364][238 0.14545][239 0.12727][240 0.10909][241 0.09091][187 0.07273][50 0.05455][185 0.03636][184 0.01818]
[224 1.00000]
[34 1.00000]
[69 1.00000]
[69 1.00000]
[164 1.00000]
[242 0.20000][243 0.17778][244 0.15556][245 0.13333][246 0.11111][247 0.08889][248 0.06667][249 0.04444][250 0.02222]
[24 1.00000]
[251 0.18182][252 0.16364][253 0.14545][254 0.12727][255 0.10909][256 0.09091][257 0.07273][258 0.05455][259 0.03636][260 0.01818]
[261 0.18182][262 0.16364][263 0.14545][264 0.12727][265 0.10909][266 0.09091][267 0.07273][268 0.05455][269 0.03636][242 0.01818]
[124 0.18182][270 0.16364][126 0.14545][127 0.12727][271 0.10909][272 0.09091][144 0.07273][273 0.05455][146 0.03636][274 0.01818]
[275 0.25000][201 0.21429][276 0.17857][113 0.14286][48 0.10714][277 0.07143][94 0.03571]
[34 1.00000]
[278 0.18182][279 0.16364][280 0.14545][281 0.12727][282 0.10909][283 0.09091][284 0.07273][285 0.05455][286 0.03636][287 0.01818]
[288 0.18182][289 0.16364][290 0.14545][291 0.12727][292 0.10909][293 0.09091][294 0.07273][26 0.05455][295 0.03636][296 0.01818]
[10 1.00000]
[24 1.00000]
[297 1.00000]
[24 1.00000]
[16 1.00000]
[180 1.00000]
[15 1.00000]
[199 0.18182][298 0.16364][299 0.14545][300 0.12727][301 0.10909][302 0.09091][303 0.07273][304 0.05455][305 0.03636][306 0.01818]
[225 1.00000]
[71 0.50000][70 0.33333][307 0.16667]
[34 1.00000]
[67 1.00000]
[224 1.00000]
[308 0.18182][269 0.16364][309 0.14545][267 0.12727][265 0.10909][310 0.09091][311 0.07273][312 0.05455][313 0.03636][314 0.01818]
[44 1.00000]
[34 1.00000]
This is  2  iterations.
[56 0.40000][315 0.30000][307 0.20000][316 0.10000]
[57 1.00000]
[317 0.33333][318 0.26667][319 0.20000][320 0.13333][321 0.06667]
[38 0.66667][24 0.33333]
[57 1.00000]
[67 1.00000]
[68 1.00000]
[69 1.00000]
[71 0.66667][36 0.33333]
[69 1.00000]
[322 0.18182][323 0.16364][324 0.14545][325 0.12727][326 0.10909][327 0.09091][255 0.07273][256 0.05455][257 0.03636][259 0.01818]
[82 0.66667][34 0.33333]
[36 0.33333][328 0.26667][11 0.20000][53 0.13333][329 0.06667]
[83 1.00000]
[165 0.18182][166 0.16364][167 0.14545][168 0.12727][330 0.10909][331 0.09091][332 0.07273][333 0.05455][334 0.03636][335 0.01818]
[128 0.20000][18 0.17778][129 0.15556][130 0.13333][336 0.11111][337 0.08889][338 0.06667][3 0.04444][339 0.02222]
[340 0.18182][341 0.16364][342 0.14545][343 0.12727][344 0.10909][345 0.09091][346 0.07273][347 0.05455][348 0.03636][349 0.01818]
[24 0.66667][16 0.33333]
[350 0.18182][272 0.16364][351 0.14545][144 0.12727][145 0.10909][147 0.09091][274 0.07273][352 0.05455][149 0.03636][150 0.01818]
[353 0.18182][3 0.16364][354 0.14545][355 0.12727][356 0.10909][357 0.09091][358 0.07273][359 0.05455][360 0.03636][361 0.01818]
[132 1.00000]
[362 0.20000][363 0.17778][364 0.15556][365 0.13333][366 0.11111][367 0.08889][368 0.06667][369 0.04444][370 0.02222]
[71 0.50000][15 0.33333][371 0.16667]
[143 1.00000]
[143 1.00000]
[163 1.00000]
[67 1.00000]
[16 0.33333][40 0.26667][56 0.20000][315 0.13333][372 0.06667]
[36 0.33333][328 0.26667][373 0.20000][11 0.13333][53 0.06667]
[164 1.00000]
[24 0.50000][16 0.33333][56 0.16667]
[330 0.18182][331 0.16364][332 0.14545][374 0.12727][334 0.10909][335 0.09091][375 0.07273][376 0.05455][377 0.03636][378 0.01818]
[167 0.18182][330 0.16364][379 0.14545][331 0.12727][374 0.10909][333 0.09091][334 0.07273][335 0.05455][375 0.03636][377 0.01818]
[380 0.18182][287 0.16364][286 0.14545][285 0.12727][381 0.10909][382 0.09091][383 0.07273][384 0.05455][385 0.03636][386 0.01818]
[15 0.50000][328 0.33333][373 0.16667]
[24 0.40000][16 0.30000][11 0.20000][56 0.10000]
[162 0.66667][163 0.33333]
[11 0.40000][56 0.30000][315 0.20000][36 0.10000]
[180 1.00000]
[387 0.25000][388 0.21429][284 0.17857][389 0.14286][390 0.10714][391 0.07143][392 0.03571]
[67 1.00000]
[191 0.40000][34 0.30000][393 0.20000][394 0.10000]
[395 0.18182][396 0.16364][397 0.14545][398 0.12727][399 0.10909][400 0.09091][401 0.07273][402 0.05455][403 0.03636][404 0.01818]
[298 0.18182][299 0.16364][300 0.14545][301 0.12727][302 0.10909][303 0.09091][405 0.07273][305 0.05455][406 0.03636][407 0.01818]
[408 0.18182][409 0.16364][410 0.14545][411 0.12727][412 0.10909][413 0.09091][414 0.07273][415 0.05455][416 0.03636][5 0.01818]
[371 1.00000]
[417 0.18182][178 0.16364][179 0.14545][154 0.12727][155 0.10909][157 0.09091][158 0.07273][159 0.05455][160 0.03636][161 0.01818]
[164 1.00000]
[19 1.00000]
[40 0.28571][56 0.23810][315 0.19048][372 0.14286][316 0.09524][418 0.04762]
[11 0.28571][56 0.23810][315 0.19048][36 0.14286][307 0.09524][70 0.04762]
[173 0.18182][419 0.16364][420 0.14545][421 0.12727][422 0.10909][423 0.09091][424 0.07273][425 0.05455][426 0.03636][427 0.01818]
[71 0.50000][36 0.33333][328 0.16667]
[224 0.33333][428 0.26667][429 0.20000][430 0.13333][431 0.06667]
[225 0.40000][224 0.30000][428 0.20000][432 0.10000]
[19 0.50000][433 0.33333][434 0.16667]
[226 1.00000]
[435 0.18182][436 0.16364][437 0.14545][46 0.12727][438 0.10909][108 0.09091][109 0.07273][439 0.05455][110 0.03636][440 0.01818]
[441 0.20000][182 0.17778][181 0.15556][201 0.13333][276 0.11111][113 0.08889][442 0.06667][115 0.04444][443 0.02222]
[224 0.33333][444 0.26667][432 0.20000][430 0.13333][82 0.06667]
[34 0.33333][393 0.26667][432 0.20000][444 0.13333][224 0.06667]
[69 1.00000]
[69 1.00000]
[164 1.00000]
[445 0.18182][446 0.16364][447 0.14545][448 0.12727][449 0.10909][450 0.09091][451 0.07273][452 0.05455][453 0.03636][454 0.01818]
[24 0.66667][53 0.33333]
[455 0.20000][12 0.17778][7 0.15556][456 0.13333][457 0.11111][458 0.08889][459 0.06667][460 0.04444][461 0.02222]
[243 0.20000][244 0.17778][245 0.15556][246 0.13333][247 0.11111][248 0.08889][462 0.06667][463 0.04444][464 0.02222]
[241 0.25000][187 0.21429][465 0.17857][189 0.14286][190 0.10714][387 0.07143][388 0.03571]
[466 0.22222][95 0.19444][96 0.16667][97 0.13889][467 0.11111][468 0.08333][469 0.05556][470 0.02778]
[34 0.33333][393 0.26667][444 0.20000][471 0.13333][225 0.06667]
[380 0.18182][176 0.16364][472 0.14545][175 0.12727][174 0.10909][419 0.09091][473 0.07273][474 0.05455][170 0.03636][169 0.01818]
[296 1.00000]
[10 1.00000]
[24 0.40000][53 0.30000][11 0.20000][56 0.10000]
[297 1.00000]
[24 1.00000]
[16 0.40000][11 0.30000][56 0.20000][315 0.10000]
[180 1.00000]
[15 0.33333][328 0.26667][373 0.20000][53 0.13333][329 0.06667]
[225 0.40000][224 0.30000][444 0.20000][432 0.10000]
[307 0.40000][36 0.30000][328 0.20000][56 0.10000]
[34 0.50000][393 0.33333][432 0.16667]
[67 1.00000]
[224 0.33333][428 0.26667][432 0.20000][430 0.13333][82 0.06667]
[475 0.18182][476 0.16364][477 0.14545][478 0.12727][479 0.10909][480 0.09091][481 0.07273][482 0.05455][483 0.03636][484 0.01818]
[44 0.40000][35 0.30000][37 0.20000][485 0.10000]
[34 0.33333][393 0.26667][394 0.20000][471 0.13333][486 0.06667]
This is  3  iterations.
[487 0.20000][370 0.17778][488 0.15556][489 0.13333][490 0.11111][491 0.08889][492 0.06667][493 0.04444][494 0.02222]
[24 0.20000][11 0.17778][56 0.15556][36 0.13333][307 0.11111][316 0.08889][487 0.06667][495 0.04444][369 0.02222]
[321 1.00000]
[24 0.22222][16 0.19444][56 0.16667][315 0.13889][372 0.11111][316 0.08333][418 0.05556][495 0.02778]
[24 0.20000][16 0.17778][56 0.15556][315 0.13333][307 0.11111][316 0.08889][418 0.06667][495 0.04444][370 0.02222]
[67 1.00000]
[199 0.18182][22 0.16364][198 0.14545][197 0.12727][496 0.10909][497 0.09091][25 0.07273][498 0.05455][193 0.03636][192 0.01818]
[68 1.00000]
[69 1.00000]
[36 0.18182][328 0.16364][373 0.14545][53 0.12727][329 0.10909][132 0.09091][499 0.07273][500 0.05455][501 0.03636][502 0.01818]
[69 1.00000]
[260 0.18182][455 0.16364][503 0.14545][12 0.12727][7 0.10909][504 0.09091][456 0.07273][505 0.05455][506 0.03636][507 0.01818]
[34 0.20000][432 0.17778][429 0.15556][508 0.13333][509 0.11111][510 0.08889][511 0.06667][512 0.04444][513 0.02222]
[132 0.18182][514 0.16364][515 0.14545][500 0.12727][516 0.10909][517 0.09091][518 0.07273][519 0.05455][520 0.03636][521 0.01818]
[83 1.00000]
[17 0.18182][198 0.16364][197 0.14545][497 0.12727][522 0.10909][194 0.09091][193 0.07273][192 0.05455][523 0.03636][524 0.01818]
[376 0.18182][377 0.16364][525 0.14545][378 0.12727][526 0.10909][527 0.09091][528 0.07273][529 0.05455][530 0.03636][531 0.01818]
[532 0.18182][356 0.16364][357 0.14545][533 0.12727][534 0.10909][360 0.09091][535 0.07273][536 0.05455][10 0.03636][537 0.01818]
[349 1.00000]
[16 0.22222][56 0.19444][315 0.16667][372 0.13889][316 0.11111][418 0.08333][538 0.05556][495 0.02778]
[535 0.66667][10 0.33333]
[57 0.22222][24 0.19444][11 0.16667][56 0.13889][36 0.11111][307 0.08333][487 0.05556][495 0.02778]
[539 0.18182][490 0.16364][540 0.14545][492 0.12727][493 0.10909][541 0.09091][542 0.07273][543 0.05455][544 0.03636][545 0.01818]
[371 0.18182][546 0.16364][547 0.14545][214 0.12727][548 0.10909][549 0.09091][2 0.07273][51 0.05455][550 0.03636][551 0.01818]
[143 1.00000]
[143 1.00000]
[163 1.00000]
[67 1.00000]
[316 0.28571][418 0.23810][538 0.19048][370 0.14286][488 0.09524][552 0.04762]
[132 0.18182][499 0.16364][515 0.14545][501 0.12727][502 0.10909][517 0.09091][519 0.07273][13 0.05455][521 0.03636][553 0.01818]
[164 1.00000]
[315 0.25000][372 0.21429][316 0.17857][418 0.14286][538 0.10714][495 0.07143][370 0.03571]
[554 0.18182][555 0.16364][527 0.14545][529 0.12727][530 0.10909][556 0.09091][531 0.07273][557 0.05455][558 0.03636][559 0.01818]
[525 0.18182][378 0.16364][554 0.14545][527 0.12727][528 0.10909][529 0.09091][530 0.07273][556 0.05455][560 0.03636][561 0.01818]
[562 0.18182][97 0.16364][96 0.14545][95 0.12727][563 0.10909][564 0.09091][48 0.07273][565 0.05455][566 0.03636][567 0.01818]
[53 0.18182][329 0.16364][568 0.14545][499 0.12727][569 0.10909][500 0.09091][501 0.07273][570 0.05455][517 0.03636][571 0.01818]
[315 0.20000][307 0.17778][316 0.15556][418 0.13333][495 0.11111][370 0.08889][539 0.06667][489 0.04444][490 0.02222]
[163 1.00000]
[316 0.18182][487 0.16364][495 0.14545][370 0.12727][539 0.10909][489 0.09091][572 0.07273][540 0.05455][491 0.03636][573 0.01818]
[180 1.00000]
[574 0.20000][575 0.17778][576 0.15556][577 0.13333][578 0.11111][579 0.08889][580 0.06667][581 0.04444][582 0.02222]
[67 1.00000]
[583 0.18182][584 0.16364][585 0.14545][586 0.12727][587 0.10909][588 0.09091][589 0.07273][590 0.05455][591 0.03636][592 0.01818]
[593 0.18182][594 0.16364][595 0.14545][596 0.12727][597 0.10909][598 0.09091][599 0.07273][129 0.05455][18 0.03636][440 0.01818]
[5 0.18182][600 0.16364][601 0.14545][602 0.12727][603 0.10909][604 0.09091][605 0.07273][606 0.05455][607 0.03636][608 0.01818]
[371 1.00000]
[162 1.00000]
[164 1.00000]
[289 0.22222][290 0.19444][609 0.16667][291 0.13889][610 0.11111][293 0.08333][294 0.05556][26 0.02778]
[433 0.18182][434 0.16364][37 0.14545][611 0.12727][612 0.10909][613 0.09091][226 0.07273][614 0.05455][615 0.03636][616 0.01818]
[370 0.18182][488 0.16364][489 0.14545][617 0.12727][491 0.10909][493 0.09091][541 0.07273][618 0.05455][619 0.03636][544 0.01818]
[495 0.18182][370 0.16364][539 0.14545][489 0.12727][490 0.10909][491 0.09091][492 0.07273][493 0.05455][541 0.03636][618 0.01818]
[620 0.18182][621 0.16364][622 0.14545][623 0.12727][624 0.10909][625 0.09091][626 0.07273][627 0.05455][85 0.03636][86 0.01818]
[328 0.20000][373 0.17778][53 0.15556][329 0.13333][132 0.11111][499 0.08889][628 0.06667][501 0.04444][570 0.02222]
[430 0.18182][629 0.16364][630 0.14545][631 0.12727][632 0.10909][633 0.09091][634 0.07273][635 0.05455][636 0.03636][637 0.01818]
[37 0.18182][611 0.16364][612 0.14545][613 0.12727][226 0.10909][615 0.09091][638 0.07273][616 0.05455][639 0.03636][640 0.01818]
[226 1.00000]
[18 0.20000][129 0.17778][641 0.15556][642 0.13333][643 0.11111][644 0.08889][645 0.06667][646 0.04444][647 0.02222]
[116 0.18182][117 0.16364][340 0.14545][341 0.12727][648 0.10909][342 0.09091][343 0.07273][344 0.05455][649 0.03636][346 0.01818]
[630 0.18182][650 0.16364][651 0.14545][633 0.12727][634 0.10909][652 0.09091][653 0.07273][654 0.05455][655 0.03636][656 0.01818]
[657 0.18182][619 0.16364][658 0.14545][618 0.12727][659 0.10909][573 0.09091][660 0.07273][661 0.05455][572 0.03636][662 0.01818]
[69 1.00000]
[69 1.00000]
[164 1.00000]
[663 0.20000][664 0.17778][665 0.15556][666 0.13333][667 0.11111][187 0.08889][465 0.06667][188 0.04444][189 0.02222]
[668 0.18182][669 0.16364][351 0.14545][670 0.12727][671 0.10909][672 0.09091][673 0.07273][674 0.05455][675 0.03636][676 0.01818]
[11 0.18182][56 0.16364][36 0.14545][307 0.12727][316 0.10909][487 0.09091][495 0.07273][369 0.05455][539 0.03636][489 0.01818]
[677 0.18182][678 0.16364][679 0.14545][680 0.12727][681 0.10909][682 0.09091][683 0.07273][684 0.05455][685 0.03636][686 0.01818]
[445 0.18182][446 0.16364][447 0.14545][687 0.12727][688 0.10909][449 0.09091][689 0.07273][451 0.05455][452 0.03636][690 0.01818]
[284 0.18182][390 0.16364][691 0.14545][392 0.12727][574 0.10909][575 0.09091][576 0.07273][577 0.05455][578 0.03636][579 0.01818]
[692 0.18182][134 0.16364][135 0.14545][693 0.12727][137 0.10909][694 0.09091][138 0.07273][139 0.05455][695 0.03636][141 0.01818]
[657 0.18182][658 0.16364][696 0.14545][659 0.12727][697 0.10909][660 0.09091][661 0.07273][662 0.05455][698 0.03636][369 0.01818]
[699 0.18182][700 0.16364][701 0.14545][702 0.12727][703 0.10909][704 0.09091][705 0.07273][706 0.05455][707 0.03636][708 0.01818]
[296 0.66667][709 0.33333]
[10 1.00000]
[315 0.18182][307 0.16364][316 0.14545][487 0.12727][495 0.10909][369 0.09091][539 0.07273][489 0.05455][572 0.03636][540 0.01818]
[297 1.00000]
[16 0.22222][56 0.19444][315 0.16667][316 0.13889][418 0.11111][495 0.08333][370 0.05556][539 0.02778]
[307 0.20000][418 0.17778][495 0.15556][370 0.13333][488 0.11111][489 0.08889][490 0.06667][617 0.04444][492 0.02222]
[180 1.00000]
[132 0.18182][569 0.16364][500 0.14545][570 0.12727][517 0.10909][519 0.09091][13 0.07273][710 0.05455][553 0.03636][711 0.01818]
[430 0.18182][82 0.16364][630 0.14545][650 0.12727][651 0.10909][712 0.09091][633 0.07273][634 0.05455][635 0.03636][713 0.01818]
[11 0.18182][53 0.16364][329 0.14545][132 0.12727][499 0.10909][515 0.09091][501 0.07273][502 0.05455][517 0.03636][518 0.01818]
[444 0.18182][224 0.16364][225 0.14545][657 0.12727][619 0.10909][658 0.09091][618 0.07273][659 0.05455][493 0.03636][660 0.01818]
[67 1.00000]
[714 0.18182][715 0.16364][716 0.14545][717 0.12727][718 0.10909][719 0.09091][720 0.07273][721 0.05455][722 0.03636][723 0.01818]
[724 0.18182][658 0.16364][725 0.14545][726 0.12727][727 0.10909][661 0.09091][728 0.07273][698 0.05455][729 0.03636][730 0.01818]
This is  4  iterations.
[542 0.18182][543 0.16364][544 0.14545][545 0.12727][731 0.10909][732 0.09091][733 0.07273][510 0.05455][734 0.03636][735 0.01818]
[489 0.18182][572 0.16364][540 0.14545][660 0.12727][573 0.10909][659 0.09091][618 0.07273][542 0.05455][619 0.03636][544 0.01818]
[321 1.00000]
[495 0.18182][370 0.16364][539 0.14545][489 0.12727][572 0.10909][540 0.09091][491 0.07273][573 0.05455][493 0.03636][659 0.01818]
[369 0.18182][539 0.16364][489 0.14545][572 0.12727][540 0.10909][573 0.09091][493 0.07273][659 0.05455][618 0.03636][658 0.01818]
[67 1.00000]
[736 0.18182][524 0.16364][737 0.14545][738 0.12727][739 0.10909][740 0.09091][741 0.07273][742 0.05455][743 0.03636][744 0.01818]
[68 0.66667][745 0.33333]
[69 1.00000]
[517 0.22222][518 0.19444][13 0.16667][521 0.13889][710 0.11111][746 0.08333][747 0.05556][711 0.02778]
[748 0.18182][749 0.16364][750 0.14545][699 0.12727][751 0.10909][752 0.09091][701 0.07273][753 0.05455][754 0.03636][704 0.01818]
[69 1.00000]
[755 0.25000][756 0.21429][757 0.17857][678 0.14286][679 0.10714][758 0.07143][759 0.03571]
[718 0.40000][746 0.30000][716 0.20000][760 0.10000]
[83 1.00000]
[737 0.18182][761 0.16364][21 0.14545][101 0.12727][102 0.10909][762 0.09091][104 0.07273][105 0.05455][107 0.03636][108 0.01818]
[560 0.18182][561 0.16364][558 0.14545][763 0.12727][764 0.10909][765 0.09091][766 0.07273][767 0.05455][768 0.03636][769 0.01818]
[537 1.00000]
[349 1.00000]
[370 0.22222][488 0.19444][489 0.16667][490 0.13889][617 0.11111][491 0.08333][770 0.05556][541 0.02778]
[10 1.00000]
[495 0.50000][369 0.33333][368 0.16667]
[428 0.18182][732 0.16364][733 0.14545][510 0.12727][734 0.10909][735 0.09091][771 0.07273][772 0.05455][773 0.03636][774 0.01818]
[775 0.18182][776 0.16364][777 0.14545][778 0.12727][779 0.10909][780 0.09091][781 0.07273][782 0.05455][783 0.03636][784 0.01818]
[785 0.18182][786 0.16364][99 0.14545][787 0.12727][788 0.10909][789 0.09091][281 0.07273][282 0.05455][283 0.03636][389 0.01818]
[143 1.00000]
[143 1.00000]
[163 1.00000]
[67 1.00000]
[489 0.22222][490 0.19444][540 0.16667][491 0.13889][573 0.11111][493 0.08333][541 0.05556][659 0.02778]
[747 0.50000][711 0.33333][760 0.16667]
[164 1.00000]
[488 0.20000][489 0.17778][490 0.15556][617 0.13333][491 0.11111][492 0.08889][493 0.06667][618 0.04444][542 0.02222]
[779 0.18182][790 0.16364][780 0.14545][782 0.12727][783 0.10909][791 0.09091][792 0.07273][793 0.05455][794 0.03636][795 0.01818]
[558 0.18182][559 0.16364][763 0.14545][765 0.12727][766 0.10909][767 0.09091][768 0.07273][769 0.05455][796 0.03636][797 0.01818]
[798 0.18182][799 0.16364][800 0.14545][801 0.12727][802 0.10909][803 0.09091][804 0.07273][805 0.05455][806 0.03636][570 0.01818]
[807 0.18182][808 0.16364][759 0.14545][758 0.12727][790 0.10909][781 0.09091][757 0.07273][756 0.05455][507 0.03636][506 0.01818]
[519 0.22222][13 0.19444][521 0.16667][710 0.13889][553 0.11111][747 0.08333][711 0.05556][809 0.02778]
[775 0.18182][776 0.16364][808 0.14545][759 0.12727][790 0.10909][780 0.09091][781 0.07273][783 0.05455][784 0.03636][507 0.01818]
[810 0.50000][509 0.33333][811 0.16667]
[491 0.18182][492 0.16364][493 0.14545][541 0.12727][542 0.10909][543 0.09091][544 0.07273][812 0.05455][428 0.03636][732 0.01818]
[759 0.18182][758 0.16364][780 0.14545][781 0.12727][757 0.10909][755 0.09091][507 0.07273][506 0.05455][505 0.03636][794 0.01818]
[170 0.22222][474 0.19444][172 0.16667][173 0.13889][813 0.11111][814 0.08333][815 0.05556][816 0.02778]
[672 0.18182][126 0.16364][674 0.14545][675 0.12727][676 0.10909][817 0.09091][818 0.07273][819 0.05455][820 0.03636][821 0.01818]
[496 0.18182][497 0.16364][25 0.14545][193 0.12727][192 0.10909][736 0.09091][524 0.07273][761 0.05455][822 0.03636][823 0.01818]
[808 0.18182][758 0.16364][790 0.14545][781 0.12727][782 0.10909][783 0.09091][507 0.07273][506 0.05455][824 0.03636][794 0.01818]
[163 1.00000]
[541 0.18182][618 0.16364][542 0.14545][619 0.12727][544 0.10909][812 0.09091][224 0.07273][428 0.05455][429 0.03636][430 0.01818]
[180 1.00000]
[825 0.18182][826 0.16364][827 0.14545][828 0.12727][829 0.10909][830 0.09091][831 0.07273][832 0.05455][833 0.03636][834 0.01818]
[67 1.00000]
[835 0.18182][141 0.16364][695 0.14545][139 0.12727][836 0.10909][837 0.09091][838 0.07273][135 0.05455][134 0.03636][692 0.01818]
[110 0.20000][839 0.17778][109 0.15556][840 0.13333][107 0.11111][438 0.08889][841 0.06667][437 0.04444][842 0.02222]
[843 0.18182][844 0.16364][80 0.14545][845 0.12727][846 0.10909][77 0.09091][76 0.07273][75 0.05455][73 0.03636][847 0.01818]
[371 1.00000]
[162 1.00000]
[164 1.00000]
[295 0.40000][296 0.30000][848 0.20000][68 0.10000]
[645 0.22222][646 0.19444][849 0.16667][850 0.13889][851 0.11111][852 0.08333][853 0.05556][854 0.02778]
[675 0.18182][855 0.16364][856 0.14545][857 0.12727][858 0.10909][820 0.09091][58 0.07273][59 0.05455][4 0.03636][859 0.01818]
[860 0.18182][861 0.16364][640 0.14545][862 0.12727][863 0.10909][864 0.09091][865 0.07273][866 0.05455][867 0.03636][868 0.01818]
[224 0.18182][428 0.16364][430 0.14545][82 0.12727][631 0.10909][869 0.09091][633 0.07273][634 0.05455][636 0.03636][870 0.01818]
[871 0.18182][872 0.16364][873 0.14545][874 0.12727][875 0.10909][876 0.09091][877 0.07273][878 0.05455][879 0.03636][880 0.01818]
[542 0.18182][619 0.16364][544 0.14545][224 0.12727][428 0.10909][432 0.09091][430 0.07273][82 0.05455][630 0.03636][869 0.01818]
[517 0.20000][571 0.17778][519 0.15556][13 0.13333][881 0.11111][710 0.08889][553 0.06667][747 0.04444][711 0.02222]
[882 0.18182][863 0.16364][864 0.14545][865 0.12727][883 0.10909][867 0.09091][868 0.07273][884 0.05455][885 0.03636][30 0.01818]
[226 1.00000]
[850 0.20000][852 0.17778][886 0.15556][853 0.13333][854 0.11111][887 0.08889][888 0.06667][889 0.04444][890 0.02222]
[347 0.50000][348 0.33333][349 0.16667]
[891 0.18182][892 0.16364][893 0.14545][894 0.12727][622 0.10909][895 0.09091][896 0.07273][897 0.05455][898 0.03636][899 0.01818]
[539 0.20000][729 0.17778][487 0.15556][70 0.13333][307 0.11111][36 0.08889][56 0.06667][321 0.04444][900 0.02222]
[69 1.00000]
[69 1.00000]
[164 1.00000]
[387 0.18182][901 0.16364][388 0.14545][284 0.12727][389 0.10909][691 0.09091][391 0.07273][902 0.05455][903 0.03636][904 0.01818]
[817 0.18182][857 0.16364][819 0.14545][820 0.12727][905 0.10909][59 0.09091][4 0.07273][60 0.05455][61 0.03636][62 0.01818]
[540 0.18182][491 0.16364][573 0.14545][493 0.12727][659 0.10909][618 0.09091][619 0.07273][544 0.05455][225 0.03636][224 0.01818]
[906 0.20000][454 0.17778][663 0.15556][664 0.13333][665 0.11111][666 0.08889][667 0.06667][187 0.04444][465 0.02222]
[580 0.20000][581 0.17778][621 0.15556][622 0.13333][907 0.11111][624 0.08889][908 0.06667][625 0.04444][626 0.02222]
[835 0.18182][362 0.16364][909 0.14545][363 0.12727][364 0.10909][910 0.09091][366 0.07273][911 0.05455][367 0.03636][368 0.01818]
[730 0.18182][70 0.16364][71 0.14545][328 0.12727][373 0.10909][53 0.09091][568 0.07273][499 0.05455][569 0.03636][500 0.01818]
[709 0.50000][68 0.33333][912 0.16667]
[10 1.00000]
[573 0.18182][493 0.16364][659 0.14545][618 0.12727][658 0.10909][619 0.09091][657 0.07273][224 0.05455][444 0.03636][432 0.01818]
[297 1.00000]
[489 0.18182][617 0.16364][491 0.14545][492 0.12727][493 0.10909][541 0.09091][618 0.07273][542 0.05455][544 0.03636][812 0.01818]
[493 0.18182][541 0.16364][542 0.14545][543 0.12727][544 0.10909][545 0.09091][731 0.07273][732 0.05455][733 0.03636][510 0.01818]
[180 1.00000]
[809 1.00000]
[519 0.28571][520 0.23810][710 0.19048][553 0.14286][747 0.09524][711 0.04762]
[661 0.18182][572 0.16364][662 0.14545][539 0.12727][369 0.10909][729 0.09091][487 0.07273][70 0.05455][307 0.03636][36 0.01818]
[67 1.00000]
[913 0.18182][914 0.16364][915 0.14545][38 0.12727][24 0.10909][40 0.09091][315 0.07273][372 0.05455][418 0.03636][495 0.01818]
[70 0.18182][15 0.16364][328 0.14545][916 0.12727][329 0.10909][499 0.09091][569 0.07273][501 0.05455][570 0.03636][571 0.01818]
This is  5  iterations.
[790 0.22222][781 0.19444][782 0.16667][783 0.13889][784 0.11111][791 0.08333][792 0.05556][793 0.02778]
[508 1.00000]
[224 0.18182][428 0.16364][432 0.14545][430 0.12727][82 0.10909][631 0.09091][651 0.07273][712 0.05455][633 0.03636][635 0.01818]
[321 1.00000]
[542 0.18182][619 0.16364][544 0.14545][224 0.12727][444 0.10909][432 0.09091][82 0.07273][630 0.05455][650 0.03636][651 0.01818]
[544 0.18182][225 0.16364][224 0.14545][432 0.12727][34 0.10909][82 0.09091][631 0.07273][651 0.05455][712 0.03636][634 0.01818]
[67 1.00000]
[917 0.18182][918 0.16364][919 0.14545][920 0.12727][921 0.10909][922 0.09091][923 0.07273][924 0.05455][925 0.03636][926 0.01818]
[69 1.00000]
[711 1.00000]
[782 0.18182][783 0.16364][784 0.14545][791 0.12727][792 0.10909][793 0.09091][505 0.07273][794 0.05455][927 0.03636][45 0.01818]
[69 1.00000]
[759 0.20000][778 0.17778][928 0.15556][929 0.13333][930 0.11111][931 0.08889][932 0.06667][933 0.04444][934 0.02222]
[760 1.00000]
[83 1.00000]
[109 0.20000][439 0.17778][110 0.15556][128 0.13333][18 0.11111][129 0.08889][130 0.06667][336 0.04444][337 0.02222]
[537 1.00000]
[781 0.18182][782 0.16364][784 0.14545][507 0.12727][506 0.10909][824 0.09091][794 0.07273][795 0.05455][927 0.03636][45 0.01818]
[349 1.00000]
[494 0.18182][542 0.16364][544 0.14545][812 0.12727][545 0.10909][731 0.09091][732 0.07273][733 0.05455][510 0.03636][734 0.01818]
[10 1.00000]
[367 0.20000][366 0.17778][365 0.15556][364 0.13333][363 0.11111][909 0.08889][362 0.06667][142 0.04444][935 0.02222]
[791 0.18182][793 0.16364][505 0.14545][794 0.12727][795 0.10909][45 0.09091][936 0.07273][43 0.05455][937 0.03636][938 0.01818]
[286 0.22222][287 0.19444][939 0.16667][940 0.13889][472 0.11111][941 0.08333][421 0.05556][422 0.02778]
[143 1.00000]
[143 1.00000]
[163 1.00000]
[67 1.00000]
[542 0.18182][543 0.16364][544 0.14545][812 0.12727][224 0.10909][428 0.09091][432 0.07273][430 0.05455][629 0.03636][630 0.01818]
[760 1.00000]
[164 1.00000]
[619 0.18182][544 0.16364][224 0.14545][428 0.12727][432 0.10909][430 0.09091][82 0.07273][631 0.05455][651 0.03636][712 0.01818]
[45 0.18182][936 0.16364][937 0.14545][942 0.12727][943 0.10909][944 0.09091][945 0.07273][946 0.05455][947 0.03636][948 0.01818]
[570 0.22222][502 0.19444][949 0.16667][950 0.13889][951 0.11111][952 0.08333][953 0.05556][954 0.02778]
[811 1.00000]
[824 0.18182][505 0.16364][795 0.14545][7 0.12727][955 0.10909][1 0.09091][9 0.07273][0 0.05455][943 0.03636][944 0.01818]
[809 1.00000]
[824 0.18182][505 0.16364][794 0.14545][927 0.12727][45 0.10909][936 0.09091][937 0.07273][942 0.05455][956 0.03636][944 0.01818]
[811 1.00000]
[957 0.18182][733 0.16364][734 0.14545][511 0.12727][735 0.10909][771 0.09091][958 0.07273][773 0.05455][774 0.03636][959 0.01818]
[795 0.18182][45 0.16364][936 0.14545][1 0.12727][0 0.10909][956 0.09091][943 0.07273][945 0.05455][960 0.03636][947 0.01818]
[961 0.18182][962 0.16364][236 0.14545][963 0.12727][238 0.10909][239 0.09091][240 0.07273][241 0.05455][187 0.03636][186 0.01818]
[58 0.18182][4 0.16364][60 0.14545][61 0.12727][964 0.10909][62 0.09091][64 0.07273][65 0.05455][66 0.03636][317 0.01818]
[102 0.18182][762 0.16364][104 0.14545][105 0.12727][106 0.10909][108 0.09091][109 0.07273][439 0.05455][110 0.03636][18 0.01818]
[784 0.18182][506 0.16364][824 0.14545][505 0.12727][795 0.10909][927 0.09091][45 0.07273][43 0.05455][9 0.03636][956 0.01818]
[795 0.18182][927 0.16364][936 0.14545][43 0.12727][937 0.10909][938 0.09091][943 0.07273][944 0.05455][960 0.03636][946 0.01818]
[163 1.00000]
[193 0.18182][192 0.16364][523 0.14545][524 0.12727][737 0.10909][761 0.09091][823 0.07273][101 0.05455][102 0.03636][104 0.01818]
[82 0.18182][631 0.16364][651 0.14545][712 0.12727][633 0.10909][634 0.09091][635 0.07273][636 0.05455][713 0.03636][654 0.01818]
[180 1.00000]
[67 1.00000]
[470 0.18182][786 0.16364][469 0.14545][965 0.12727][966 0.10909][550 0.09091][967 0.07273][210 0.05455][211 0.03636][212 0.01818]
[968 0.22222][234 0.19444][969 0.16667][232 0.13889][970 0.11111][230 0.08333][971 0.05556][219 0.02778]
[72 0.20000][972 0.17778][973 0.15556][773 0.13333][958 0.11111][974 0.08889][975 0.06667][976 0.04444][977 0.02222]
[371 1.00000]
[162 1.00000]
[164 1.00000]
[887 0.18182][888 0.16364][889 0.14545][978 0.12727][979 0.10909][980 0.09091][981 0.07273][982 0.05455][983 0.03636][984 0.01818]
[964 0.20000][62 0.17778][63 0.15556][65 0.13333][66 0.11111][985 0.08889][54 0.06667][319 0.04444][320 0.02222]
[757 0.18182][756 0.16364][507 0.14545][506 0.12727][824 0.10909][505 0.09091][794 0.07273][795 0.05455][955 0.03636][20 0.01818]
[986 0.18182][884 0.16364][885 0.14545][23 0.12727][8 0.10909][987 0.09091][12 0.07273][7 0.05455][456 0.03636][457 0.01818]
[988 0.18182][989 0.16364][990 0.14545][32 0.12727][962 0.10909][816 0.09091][991 0.07273][992 0.05455][174 0.03636][175 0.01818]
[711 1.00000]
[8 0.18182][987 0.16364][12 0.14545][504 0.12727][456 0.10909][457 0.09091][459 0.07273][460 0.05455][461 0.03636][677 0.01818]
[226 1.00000]
[39 0.18182][979 0.16364][993 0.14545][981 0.12727][982 0.10909][983 0.09091][994 0.07273][984 0.05455][995 0.03636][996 0.01818]
[349 1.00000]
[997 0.18182][998 0.16364][423 0.14545][999 0.12727][1000 0.10909][419 0.09091][473 0.07273][474 0.05455][1001 0.03636][1002 0.01818]
[319 0.28571][1003 0.23810][54 0.19048][317 0.14286][66 0.09524][1004 0.04762]
[69 1.00000]
[69 1.00000]
[696 0.18182][725 0.16364][726 0.14545][727 0.12727][661 0.10909][1005 0.09091][662 0.07273][698 0.05455][729 0.03636][730 0.01818]
[164 1.00000]
[1006 0.20000][1007 0.17778][1008 0.15556][49 0.13333][379 0.11111][331 0.08889][332 0.06667][374 0.04444][334 0.02222]
[63 0.20000][64 0.17778][1004 0.15556][985 0.13333][54 0.11111][1003 0.08889][319 0.06667][900 0.04444][321 0.02222]
[444 0.18182][432 0.16364][34 0.14545][630 0.12727][650 0.10909][651 0.09091][712 0.07273][633 0.05455][1009 0.03636][652 0.01818]
[189 0.22222][190 0.19444][387 0.16667][388 0.13889][389 0.11111][390 0.08333][691 0.05556][392 0.02778]
[84 0.18182][85 0.16364][86 0.14545][87 0.12727][88 0.10909][1010 0.09091][89 0.07273][91 0.05455][1011 0.03636][92 0.01818]
[368 0.20000][369 0.17778][488 0.15556][489 0.13333][490 0.11111][617 0.08889][491 0.06667][492 0.04444][541 0.02222]
[570 0.22222][517 0.19444][1012 0.16667][13 0.13889][881 0.11111][710 0.08333][553 0.05556][747 0.02778]
[1013 1.00000]
[10 1.00000]
[295 0.18182][1014 0.16364][1015 0.14545][395 0.12727][610 0.10909][397 0.09091][398 0.07273][399 0.05455][400 0.03636][401 0.01818]
[430 0.18182][82 0.16364][630 0.14545][650 0.12727][712 0.10909][633 0.09091][1009 0.07273][652 0.05455][713 0.03636][654 0.01818]
[297 1.00000]
[545 0.18182][428 0.16364][732 0.14545][957 0.12727][733 0.10909][734 0.09091][511 0.07273][735 0.05455][771 0.03636][772 0.01818]
[734 0.18182][735 0.16364][771 0.14545][772 0.12727][773 0.10909][774 0.09091][959 0.07273][1016 0.05455][1017 0.03636][1018 0.01818]
[180 1.00000]
[809 1.00000]
[711 1.00000]
[36 0.18182][56 0.16364][321 0.14545][900 0.12727][319 0.10909][1003 0.09091][54 0.07273][317 0.05455][1019 0.03636][1004 0.01818]
[67 1.00000]
[488 0.18182][489 0.16364][490 0.14545][491 0.12727][492 0.10909][493 0.09091][494 0.07273][542 0.05455][543 0.03636][812 0.01818]
[724 0.18182][1020 0.16364][696 0.14545][725 0.12727][726 0.10909][697 0.09091][661 0.07273][1005 0.05455][662 0.03636][698 0.01818]
[519 0.28571][13 0.23810][710 0.19048][553 0.14286][1021 0.09524][747 0.04762]
This is  6  iterations.
[793 1.00000]
[508 1.00000]
[321 1.00000]
[67 1.00000]
[1022 0.18182][1023 0.16364][1024 0.14545][1025 0.12727][1026 0.10909][1027 0.09091][119 0.07273][120 0.05455][122 0.03636][1028 0.01818]
[69 1.00000]
[711 1.00000]
[1029 0.33333][1030 0.26667][1031 0.20000][1032 0.13333][1033 0.06667]
[936 0.18182][43 0.16364][937 0.14545][942 0.12727][956 0.10909][944 0.09091][945 0.07273][960 0.05455][946 0.03636][947 0.01818]
[69 1.00000]
[1034 0.22222][1035 0.19444][1036 0.16667][1037 0.13889][1038 0.11111][1039 0.08333][1040 0.05556][41 0.02778]
[760 1.00000]
[83 1.00000]
[338 0.18182][3 0.16364][339 0.14545][355 0.12727][1041 0.10909][356 0.09091][357 0.07273][358 0.05455][1042 0.03636][360 0.01818]
[537 1.00000]
[43 0.18182][9 0.16364][0 0.14545][956 0.12727][944 0.10909][945 0.09091][960 0.07273][946 0.05455][1043 0.03636][948 0.01818]
[349 1.00000]
[10 1.00000]
[591 0.20000][590 0.17778][1044 0.15556][588 0.13333][587 0.11111][586 0.08889][585 0.06667][1045 0.04444][1046 0.02222]
[943 0.18182][944 0.16364][945 0.14545][960 0.12727][947 0.10909][1043 0.09091][948 0.07273][1047 0.05455][1048 0.03636][1049 0.01818]
[1050 0.33333][424 0.26667][425 0.20000][1051 0.13333][426 0.06667]
[143 1.00000]
[143 1.00000]
[163 1.00000]
[67 1.00000]
[760 1.00000]
[164 1.00000]
[1047 0.22222][1048 0.19444][1049 0.16667][1052 0.13889][1053 0.11111][1054 0.08333][1055 0.05556][1056 0.02778]
[1057 0.18182][52 0.16364][1058 0.14545][1059 0.12727][1060 0.10909][1061 0.09091][1062 0.07273][1063 0.05455][1064 0.03636][1065 0.01818]
[811 1.00000]
[945 0.18182][946 0.16364][947 0.14545][1066 0.12727][1067 0.10909][1048 0.09091][1068 0.07273][1049 0.05455][1069 0.03636][1053 0.01818]
[809 1.00000]
[945 0.18182][960 0.16364][946 0.14545][1043 0.12727][948 0.10909][1047 0.09091][1068 0.07273][1049 0.05455][1052 0.03636][1053 0.01818]
[811 1.00000]
[1066 0.18182][1070 0.16364][1048 0.14545][1068 0.12727][1049 0.10909][1069 0.09091][1053 0.07273][1071 0.05455][1055 0.03636][1056 0.01818]
[1072 0.20000][441 0.17778][182 0.15556][200 0.13333][201 0.11111][276 0.08889][48 0.06667][565 0.04444][566 0.02222]
[318 0.50000][319 0.33333][320 0.16667]
[1073 0.18182][129 0.16364][130 0.14545][336 0.12727][337 0.10909][338 0.09091][3 0.07273][355 0.05455][532 0.03636][356 0.01818]
[943 0.18182][944 0.16364][960 0.14545][946 0.12727][947 0.10909][1070 0.09091][1067 0.07273][1048 0.05455][1049 0.03636][1052 0.01818]
[1043 0.18182][948 0.16364][1047 0.14545][1068 0.12727][1049 0.10909][1069 0.09091][1053 0.07273][1054 0.05455][1074 0.03636][1055 0.01818]
[163 1.00000]
[105 0.18182][841 0.16364][437 0.14545][842 0.12727][435 0.10909][1075 0.09091][969 0.07273][232 0.05455][970 0.03636][230 0.01818]
[180 1.00000]
[67 1.00000]
[1076 0.40000][215 0.30000][216 0.20000][217 0.10000]
[220 0.18182][1077 0.16364][222 0.14545][223 0.12727][417 0.10909][178 0.09091][179 0.07273][154 0.05455][156 0.03636][157 0.01818]
[371 1.00000]
[162 1.00000]
[164 1.00000]
[1078 0.20000][1079 0.17778][1080 0.15556][1081 0.13333][1082 0.11111][1083 0.08889][1033 0.06667][31 0.04444][1084 0.02222]
[320 0.66667][900 0.33333]
[1 0.18182][9 0.16364][0 0.14545][956 0.12727][944 0.10909][945 0.09091][1085 0.07273][1086 0.05455][947 0.03636][1066 0.01818]
[458 0.18182][459 0.16364][460 0.14545][461 0.12727][677 0.10909][678 0.09091][679 0.07273][680 0.05455][681 0.03636][682 0.01818]
[176 0.18182][380 0.16364][287 0.14545][286 0.12727][388 0.10909][381 0.09091][382 0.07273][383 0.05455][280 0.03636][279 0.01818]
[711 1.00000]
[509 1.00000]
[678 0.20000][680 0.17778][681 0.15556][682 0.13333][1087 0.11111][684 0.08889][685 0.06667][1088 0.04444][1089 0.02222]
[226 1.00000]
[1080 0.20000][1081 0.17778][1082 0.15556][1083 0.13333][1033 0.11111][31 0.08889][1084 0.06667][1031 0.04444][1030 0.02222]
[349 1.00000]
[699 0.18182][700 0.16364][701 0.14545][753 0.12727][754 0.10909][705 0.09091][1090 0.07273][1091 0.05455][1092 0.03636][1093 0.01818]
[69 1.00000]
[69 1.00000]
[70 0.50000][71 0.33333][15 0.16667]
[164 1.00000]
[335 0.18182][375 0.16364][377 0.14545][525 0.12727][554 0.10909][555 0.09091][527 0.07273][529 0.05455][530 0.03636][531 0.01818]
[321 1.00000]
[574 0.20000][1094 0.17778][576 0.15556][1095 0.13333][1096 0.11111][578 0.08889][579 0.06667][580 0.04444][581 0.02222]
[494 0.33333][542 0.26667][543 0.20000][544 0.13333][812 0.06667]
[704 0.18182][703 0.16364][753 0.14545][702 0.12727][752 0.10909][751 0.09091][1097 0.07273][169 0.05455][170 0.03636][474 0.01818]
[747 1.00000]
[1013 1.00000]
[10 1.00000]
[1098 0.18182][403 0.16364][404 0.14545][593 0.12727][594 0.10909][596 0.09091][597 0.07273][1099 0.05455][598 0.03636][599 0.01818]
[297 1.00000]
[180 1.00000]
[809 1.00000]
[711 1.00000]
[1100 0.18182][1101 0.16364][1102 0.14545][1103 0.12727][1104 0.10909][859 0.09091][1105 0.07273][1106 0.05455][1107 0.03636][905 0.01818]
[67 1.00000]
[812 0.50000][545 0.33333][224 0.16667]
[368 0.28571][729 0.23810][730 0.19048][70 0.14286][71 0.09524][36 0.04762]
[747 1.00000]
This is  7  iterations.
[793 1.00000]
[508 0.33333][811 0.26667][429 0.20000][428 0.13333][444 0.06667]
[321 0.22222][315 0.19444][56 0.16667][328 0.13889][371 0.11111][216 0.08333][214 0.05556][1076 0.02778]
[67 1.00000]
[123 0.18182][124 0.16364][270 0.14545][126 0.12727][127 0.10909][350 0.09091][1108 0.07273][144 0.05455][145 0.03636][147 0.01818]
[69 1.00000]
[711 1.00000]
[31 0.22222][41 0.19444][1040 0.16667][1039 0.13889][1109 0.11111][1110 0.08333][1111 0.05556][1034 0.02778]
[1043 0.20000][948 0.17778][1047 0.15556][1068 0.13333][1049 0.11111][1052 0.08889][1069 0.06667][1053 0.04444][1054 0.02222]
[69 1.00000]
[31 0.22222][1084 0.19444][1112 0.16667][1031 0.13889][1030 0.11111][1113 0.08333][1029 0.05556][1114 0.02778]
[760 1.00000]
[83 1.00000]
[361 0.25000][535 0.21429][536 0.17857][10 0.14286][537 0.10714][1115 0.07143][37 0.03571]
[537 0.33333][1115 0.26667][37 0.20000][1116 0.13333][349 0.06667]
[1047 0.22222][1048 0.19444][1049 0.16667][1052 0.13889][1069 0.11111][1053 0.08333][1054 0.05556][1071 0.02778]
[349 1.00000]
[703 0.18182][702 0.16364][752 0.14545][751 0.12727][169 0.10909][1117 0.09091][171 0.07273][172 0.05455][473 0.03636][173 0.01818]
[10 0.50000][537 0.33333][434 0.16667]
[22 0.18182][17 0.16364][198 0.14545][197 0.12727][196 0.10909][497 0.09091][25 0.07273][498 0.05455][193 0.03636][523 0.01818]
[1046 0.40000][471 0.30000][444 0.20000][432 0.10000]
[1052 0.28571][1069 0.23810][1053 0.19048][1071 0.14286][1055 0.09524][1056 0.04762]
[143 1.00000]
[143 1.00000]
[163 1.00000]
[67 1.00000]
[34 1.00000]
[760 1.00000]
[164 1.00000]
[1056 1.00000]
[1118 0.22222][1119 0.19444][1120 0.16667][1121 0.13889][1122 0.11111][1123 0.08333][1124 0.05556][905 0.02778]
[811 0.25000][432 0.21429][444 0.17857][471 0.14286][1046 0.10714][584 0.07143][585 0.03571]
[1071 0.40000][1055 0.30000][1056 0.20000][614 0.10000]
[809 1.00000]
[1054 0.66667][1074 0.33333]
[811 0.25000][429 0.21429][428 0.17857][444 0.14286][224 0.10714][657 0.07143][619 0.03571]
[1056 1.00000]
[567 0.18182][1125 0.16364][1126 0.14545][801 0.12727][1127 0.10909][802 0.09091][1128 0.07273][805 0.05455][806 0.03636][570 0.01818]
[320 0.66667][321 0.33333]
[357 0.20000][533 0.17778][534 0.15556][360 0.13333][361 0.11111][535 0.08889][536 0.06667][10 0.04444][537 0.02222]
[1069 0.40000][1054 0.30000][1055 0.20000][1056 0.10000]
[1055 1.00000]
[163 1.00000]
[971 0.22222][219 0.19444][228 0.16667][1129 0.13889][1130 0.11111][1131 0.08333][1132 0.05556][1133 0.02778]
[180 1.00000]
[67 1.00000]
[217 0.33333][328 0.26667][56 0.20000][321 0.13333][900 0.06667]
[158 0.50000][160 0.33333][161 0.16667]
[1134 0.18182][1135 0.16364][984 0.14545][994 0.12727][1136 0.10909][1137 0.09091][993 0.07273][980 0.05455][39 0.03636][1138 0.01818]
[371 0.25000][328 0.21429][56 0.17857][321 0.14286][900 0.10714][319 0.07143][1003 0.03571]
[162 1.00000]
[164 1.00000]
[1031 0.25000][1030 0.21429][1113 0.17857][1029 0.14286][1114 0.10714][1139 0.07143][1140 0.03571]
[900 0.40000][321 0.30000][315 0.20000][328 0.10000]
[1067 0.22222][1048 0.19444][1068 0.16667][1049 0.13889][1052 0.11111][1069 0.08333][1054 0.05556][1055 0.02778]
[1087 0.18182][684 0.16364][685 0.14545][686 0.12727][1088 0.10909][1089 0.09091][1141 0.07273][1142 0.05455][1143 0.03636][1144 0.01818]
[278 0.20000][98 0.17778][468 0.15556][1145 0.13333][469 0.11111][470 0.08889][133 0.06667][134 0.04444][135 0.02222]
[711 1.00000]
[509 0.66667][1013 0.33333]
[34 1.00000]
[226 1.00000]
[1113 1.00000]
[349 1.00000]
[191 1.00000]
[69 1.00000]
[69 1.00000]
[15 1.00000]
[164 1.00000]
[560 0.20000][561 0.17778][559 0.15556][763 0.13333][765 0.11111][766 0.08889][767 0.06667][769 0.04444][797 0.02222]
[34 1.00000]
[321 0.33333][315 0.26667][328 0.20000][371 0.13333][216 0.06667]
[621 0.18182][1146 0.16364][907 0.14545][623 0.12727][624 0.10909][908 0.09091][626 0.07273][627 0.05455][84 0.03636][85 0.01818]
[812 0.25000][545 0.21429][224 0.17857][428 0.14286][732 0.10714][508 0.07143][733 0.03571]
[172 0.20000][173 0.17778][419 0.15556][420 0.13333][421 0.11111][422 0.08889][1050 0.06667][423 0.04444][1147 0.02222]
[747 1.00000]
[1013 0.66667][811 0.33333]
[10 0.28571][537 0.23810][1148 0.19048][434 0.14286][433 0.09524][715 0.04762]
[129 0.20000][440 0.17778][110 0.15556][839 0.13333][109 0.11111][840 0.08889][107 0.06667][438 0.04444][841 0.02222]
[297 1.00000]
[180 1.00000]
[809 1.00000]
[711 1.00000]
[1149 0.18182][858 0.16364][1150 0.14545][818 0.12727][1151 0.10909][855 0.09091][1152 0.07273][124 0.05455][123 0.03636][122 0.01818]
[67 1.00000]
[224 0.28571][428 0.23810][732 0.19048][957 0.14286][733 0.09524][734 0.04762]
[36 1.00000]
[747 1.00000]
This is  8  iterations.
[793 0.28571][505 0.23810][794 0.19048][795 0.14286][927 0.09524][45 0.04762]
[224 0.18182][225 0.16364][657 0.14545][619 0.12727][658 0.10909][618 0.09091][726 0.07273][697 0.05455][660 0.03636][661 0.01818]
[212 0.18182][549 0.16364][2 0.14545][51 0.12727][550 0.10909][1153 0.09091][1154 0.07273][786 0.05455][99 0.03636][98 0.01818]
[67 1.00000]
[69 1.00000]
[711 1.00000]
[934 0.20000][932 0.17778][931 0.15556][930 0.13333][1155 0.11111][1156 0.08889][779 0.06667][790 0.04444][780 0.02222]
[1054 0.50000][1071 0.33333][1055 0.16667]
[69 1.00000]
[1139 0.40000][1140 0.30000][1157 0.20000][1158 0.10000]
[198 0.18182][197 0.16364][196 0.14545][497 0.12727][25 0.10909][498 0.09091][192 0.07273][523 0.05455][736 0.03636][524 0.01818]
[760 1.00000]
[83 1.00000]
[1116 0.18182][348 0.16364][347 0.14545][346 0.12727][649 0.10909][344 0.09091][1159 0.07273][1160 0.05455][341 0.03636][1161 0.01818]
[22 0.18182][17 0.16364][198 0.14545][197 0.12727][497 0.10909][522 0.09091][25 0.07273][193 0.05455][192 0.03636][523 0.01818]
[347 0.18182][346 0.16364][649 0.14545][344 0.12727][1162 0.10909][1160 0.09091][1161 0.07273][1163 0.05455][116 0.03636][115 0.01818]
[1055 1.00000]
[349 1.00000]
[419 0.18182][420 0.16364][421 0.14545][422 0.12727][423 0.10909][1147 0.09091][425 0.07273][1051 0.05455][426 0.03636][1164 0.01818]
[433 0.18182][715 0.16364][716 0.14545][717 0.12727][718 0.10909][719 0.09091][720 0.07273][721 0.05455][722 0.03636][723 0.01818]
[736 0.18182][524 0.16364][737 0.14545][761 0.12727][823 0.10909][101 0.09091][102 0.07273][762 0.05455][104 0.03636][105 0.01818]
[430 0.22222][82 0.19444][630 0.16667][650 0.13889][712 0.11111][634 0.08333][652 0.05556][653 0.02778]
[1056 1.00000]
[143 1.00000]
[143 1.00000]
[163 1.00000]
[67 1.00000]
[34 1.00000]
[760 1.00000]
[164 1.00000]
[752 0.18182][751 0.16364][169 0.14545][1117 0.12727][171 0.10909][172 0.09091][473 0.07273][173 0.05455][419 0.03636][174 0.01818]
[1056 1.00000]
[1149 0.18182][858 0.16364][1150 0.14545][818 0.12727][1151 0.10909][855 0.09091][1152 0.07273][124 0.05455][125 0.03636][672 0.01818]
[586 0.18182][1165 0.16364][1166 0.14545][588 0.12727][589 0.10909][1167 0.09091][590 0.07273][591 0.05455][592 0.03636][835 0.01818]
[614 1.00000]
[298 0.18182][199 0.16364][1168 0.14545][198 0.12727][1169 0.10909][496 0.09091][497 0.07273][25 0.05455][194 0.03636][193 0.01818]
[809 1.00000]
[1074 1.00000]
[658 0.18182][618 0.16364][659 0.14545][726 0.12727][660 0.10909][661 0.09091][572 0.07273][662 0.05455][539 0.03636][369 0.01818]
[1056 1.00000]
[502 0.18182][949 0.16364][950 0.14545][951 0.12727][1170 0.10909][1171 0.09091][954 0.07273][1057 0.05455][52 0.03636][1058 0.01818]
[315 0.18182][328 0.16364][371 0.14545][547 0.12727][214 0.10909][1076 0.09091][212 0.07273][211 0.05455][2 0.03636][51 0.01818]
[1115 0.18182][485 0.16364][1172 0.14545][348 0.12727][347 0.10909][345 0.09091][649 0.07273][344 0.05455][1162 0.03636][1160 0.01818]
[1056 1.00000]
[1055 1.00000]
[163 1.00000]
[1173 0.18182][1174 0.16364][1175 0.14545][1176 0.12727][1177 0.10909][1178 0.09091][1179 0.07273][1180 0.05455][1181 0.03636][1182 0.01818]
[180 1.00000]
[67 1.00000]
[319 1.00000]
[161 1.00000]
[889 0.20000][888 0.17778][887 0.15556][1183 0.13333][1184 0.11111][1185 0.08889][1186 0.06667][1187 0.04444][1188 0.02222]
[1189 0.22222][801 0.19444][800 0.16667][799 0.13889][567 0.11111][1190 0.08333][1191 0.05556][277 0.02778]
[54 0.18182][317 0.16364][1019 0.14545][1004 0.12727][64 0.10909][1101 0.09091][62 0.07273][1103 0.05455][61 0.03636][1105 0.01818]
[162 1.00000]
[164 1.00000]
[371 0.18182][216 0.16364][214 0.14545][1076 0.12727][212 0.10909][211 0.09091][2 0.07273][1192 0.05455][1153 0.03636][1154 0.01818]
[1055 1.00000]
[895 0.20000][582 0.17778][581 0.15556][1193 0.13333][1194 0.11111][578 0.08889][1095 0.06667][576 0.04444][1094 0.02222]
[136 0.18182][137 0.16364][694 0.14545][139 0.12727][695 0.10909][140 0.09091][835 0.07273][935 0.05455][1195 0.03636][590 0.01818]
[711 1.00000]
[811 0.22222][429 0.19444][432 0.16667][444 0.13889][583 0.11111][1046 0.08333][1196 0.05556][584 0.02778]
[34 1.00000]
[226 1.00000]
[349 1.00000]
[1161 0.18182][1163 0.16364][1197 0.14545][1198 0.12727][1199 0.10909][1191 0.09091][1200 0.07273][798 0.05455][799 0.03636][800 0.01818]
[191 1.00000]
[69 1.00000]
[69 1.00000]
[15 1.00000]
[164 1.00000]
[34 1.00000]
[547 0.18182][214 0.16364][212 0.14545][549 0.12727][2 0.10909][51 0.09091][550 0.07273][966 0.05455][469 0.03636][468 0.01818]
[86 0.18182][1201 0.16364][87 0.14545][1010 0.12727][89 0.10909][90 0.09091][91 0.07273][1011 0.05455][93 0.03636][1202 0.01818]
[510 0.18182][734 0.16364][511 0.14545][735 0.12727][771 0.10909][772 0.09091][958 0.07273][773 0.05455][774 0.03636][1203 0.01818]
[1204 0.18182][1051 0.16364][426 0.14545][427 0.12727][620 0.10909][581 0.09091][621 0.07273][1146 0.05455][907 0.03636][623 0.01818]
[747 1.00000]
[429 0.33333][432 0.26667][444 0.20000][583 0.13333][1046 0.06667]
[1205 0.18182][717 0.16364][746 0.14545][719 0.12727][520 0.10909][721 0.09091][1206 0.07273][949 0.05455][913 0.03636][914 0.01818]
[842 0.20000][435 0.17778][968 0.15556][234 0.13333][232 0.11111][970 0.08889][230 0.06667][971 0.04444][219 0.02222]
[297 1.00000]
[180 1.00000]
[809 1.00000]
[711 1.00000]
[121 0.18182][120 0.16364][119 0.14545][118 0.12727][1027 0.10909][1026 0.09091][1207 0.07273][1025 0.05455][1024 0.03636][1023 0.01818]
[67 1.00000]
[36 1.00000]
[747 1.00000]
This is  9  iterations.
[45 1.00000]
[572 0.22222][662 0.19444][698 0.16667][369 0.13889][730 0.11111][1208 0.08333][71 0.05556][15 0.02778]
[278 0.18182][279 0.16364][789 0.14545][1209 0.12727][1210 0.10909][1211 0.09091][389 0.07273][691 0.05455][392 0.03636][574 0.01818]
[67 1.00000]
[69 1.00000]
[711 1.00000]
[781 0.50000][782 0.33333][783 0.16667]
[1055 1.00000]
[69 1.00000]
[737 0.18182][822 0.16364][823 0.14545][101 0.12727][102 0.10909][762 0.09091][104 0.07273][438 0.05455][841 0.03636][437 0.01818]
[760 1.00000]
[83 1.00000]
[1163 0.18182][116 0.16364][1212 0.14545][1213 0.12727][565 0.10909][277 0.09091][94 0.07273][95 0.05455][96 0.03636][111 0.01818]
[736 0.18182][1214 0.16364][761 0.14545][822 0.12727][823 0.10909][101 0.09091][102 0.07273][762 0.05455][104 0.03636][438 0.01818]
[442 0.20000][48 0.17778][564 0.15556][95 0.13333][96 0.11111][97 0.08889][98 0.06667][99 0.04444][14 0.02222]
[1055 1.00000]
[349 1.00000]
[581 0.18182][621 0.16364][622 0.14545][623 0.12727][624 0.10909][908 0.09091][626 0.07273][627 0.05455][84 0.03636][86 0.01818]
[913 0.22222][1215 0.19444][915 0.16667][57 0.13889][24 0.11111][16 0.08333][11 0.05556][56 0.02778]
[498 0.18182][193 0.16364][523 0.14545][736 0.12727][524 0.10909][737 0.09091][822 0.07273][823 0.05455][102 0.03636][762 0.01818]
[841 0.18182][437 0.16364][842 0.14545][435 0.12727][968 0.10909][234 0.09091][969 0.07273][970 0.05455][1216 0.03636][971 0.01818]
[1056 1.00000]
[143 1.00000]
[143 1.00000]
[163 1.00000]
[67 1.00000]
[34 1.00000]
[760 1.00000]
[164 1.00000]
[175 0.25000][176 0.21429][380 0.17857][287 0.14286][1217 0.10714][285 0.07143][389 0.03571]
[1056 1.00000]
[127 0.18182][350 0.16364][1108 0.14545][351 0.12727][145 0.10909][146 0.09091][147 0.07273][274 0.05455][352 0.03636][150 0.01818]
[141 0.18182][140 0.16364][695 0.14545][139 0.12727][1218 0.10909][837 0.09091][838 0.07273][1219 0.05455][135 0.03636][134 0.01818]
[614 1.00000]
[192 0.18182][523 0.16364][524 0.14545][737 0.12727][1220 0.10909][738 0.09091][739 0.07273][1221 0.05455][741 0.03636][1222 0.01818]
[809 1.00000]
[1074 1.00000]
[487 0.40000][70 0.30000][307 0.20000][36 0.10000]
[1056 1.00000]
[1059 0.20000][1223 0.17778][1061 0.15556][1062 0.13333][1063 0.11111][1064 0.08889][1224 0.06667][1118 0.04444][1119 0.02222]
[550 0.18182][966 0.16364][965 0.14545][786 0.12727][99 0.10909][787 0.09091][788 0.07273][789 0.05455][281 0.03636][282 0.01818]
[1225 0.18182][1161 0.16364][1163 0.14545][1197 0.12727][115 0.10909][442 0.09091][565 0.07273][277 0.05455][94 0.03636][95 0.01818]
[1056 1.00000]
[1055 1.00000]
[163 1.00000]
[1226 0.22222][1227 0.19444][1228 0.16667][1229 0.13889][1230 0.11111][1058 0.08333][52 0.05556][954 0.02778]
[180 1.00000]
[67 1.00000]
[161 1.00000]
[1231 0.20000][1232 0.17778][1233 0.15556][1234 0.13333][1235 0.11111][944 0.08889][868 0.06667][1086 0.04444][1236 0.02222]
[94 0.20000][95 0.17778][96 0.15556][97 0.13333][467 0.11111][468 0.08889][469 0.06667][966 0.04444][550 0.02222]
[1106 0.18182][1107 0.16364][905 0.14545][1149 0.12727][858 0.10909][1150 0.09091][818 0.07273][1151 0.05455][855 0.03636][1152 0.01818]
[162 1.00000]
[825 0.20000][582 0.17778][621 0.15556][622 0.13333][907 0.11111][623 0.08889][908 0.06667][625 0.04444][626 0.02222]
[164 1.00000]
[469 0.18182][468 0.16364][98 0.14545][278 0.12727][279 0.10909][280 0.09091][383 0.07273][282 0.05455][283 0.03636][389 0.01818]
[1055 1.00000]
[1237 0.33333][392 0.26667][691 0.20000][390 0.13333][389 0.06667]
[1044 0.18182][588 0.16364][587 0.14545][1165 0.12727][585 0.10909][584 0.09091][1046 0.07273][471 0.05455][428 0.03636][732 0.01818]
[711 1.00000]
[586 0.18182][1165 0.16364][587 0.14545][588 0.12727][589 0.10909][1167 0.09091][590 0.07273][591 0.05455][1195 0.03636][1238 0.01818]
[34 1.00000]
[226 1.00000]
[349 1.00000]
[801 0.18182][802 0.16364][803 0.14545][804 0.12727][805 0.10909][806 0.09091][502 0.07273][949 0.05455][950 0.03636][951 0.01818]
[191 1.00000]
[69 1.00000]
[69 1.00000]
[15 1.00000]
[164 1.00000]
[34 1.00000]
[99 0.18182][787 0.16364][788 0.14545][789 0.12727][281 0.10909][282 0.09091][283 0.07273][284 0.05455][285 0.03636][1217 0.01818]
[753 0.18182][702 0.16364][752 0.14545][751 0.12727][169 0.10909][1117 0.09091][171 0.07273][474 0.05455][473 0.03636][173 0.01818]
[1078 0.18182][995 0.16364][1080 0.14545][1081 0.12727][1082 0.10909][1239 0.09091][41 0.07273][1040 0.05455][1038 0.03636][1109 0.01818]
[970 0.25000][971 0.21429][218 0.17857][1240 0.14286][1241 0.10714][1242 0.07143][1243 0.03571]
[624 0.18182][908 0.16364][625 0.14545][626 0.12727][627 0.10909][85 0.09091][86 0.07273][1244 0.05455][87 0.03636][88 0.01818]
[747 1.00000]
[915 0.33333][38 0.26667][24 0.20000][16 0.13333][40 0.06667]
[220 0.18182][221 0.16364][1077 0.14545][1245 0.12727][417 0.10909][177 0.09091][179 0.07273][154 0.05455][155 0.03636][157 0.01818]
[297 1.00000]
[180 1.00000]
[809 1.00000]
[1246 0.18182][1184 0.16364][1247 0.14545][887 0.12727][853 0.10909][886 0.09091][1248 0.07273][851 0.05455][594 0.03636][647 0.01818]
[496 0.18182][497 0.16364][25 0.14545][498 0.12727][192 0.10909][523 0.09091][524 0.07273][737 0.05455][1220 0.03636][1249 0.01818]
[711 1.00000]
[1250 0.18182][1022 0.16364][1251 0.14545][1252 0.12727][925 0.10909][1253 0.09091][1254 0.07273][1255 0.05455][922 0.03636][1256 0.01818]
[67 1.00000]
[36 1.00000]
[747 1.00000]
