10
10
1000
10
Start: 0

0 G
1 G
2 G
3 G
4 G
5 G
6 G
7 G
8 G
9 G
End: 

10
78
1000
78
Start: 1

10 11 12 13 14 15 16 17 18 G
19 20 21 22 23 24 25 26 27 G
28 29 30 31 2 32 0 33 34 35 G
36 37 29 38 31 32 39 40 41 42 G
43 44 45 20 46 23 G
47 40 41 42 48 8 49 50 51 52 G
50 52 53 54 55 56 57 58 59 G
60 21 61 19 62 63 64 65 G
66 67 68 69 70 71 72 73 74 75 G
76 77 78 79 80 81 82 83 84 G
End: 

10
80
1000
80
Start: 2

25 85 26 27 86 87 88 89 90 91 G
92 93 94 95 96 97 98 99 100 101 G
102 G
103 104 105 106 107 108 109 110 111 112 G
113 114 115 116 117 118 119 120 121 122 G
123 124 125 126 127 128 129 130 131 G
23 132 25 133 27 134 135 87 136 137 G
138 139 140 141 142 143 144 145 146 G
147 148 149 150 151 152 153 G
154 155 156 157 158 159 160 G
End: 

10
42
1000
42
Start: 3

32 39 47 41 35 42 8 49 161 162 G
163 G
164 165 166 167 168 169 170 171 172 173 G
174 G
131 G
40 35 42 48 8 49 161 175 176 53 G
163 G
177 178 179 180 181 182 183 184 185 186 G
187 G
2 32 0 34 41 35 42 48 8 49 G
End: 

10
54
1000
54
Start: 4

188 189 190 191 192 193 194 195 G
153 G
196 G
149 197 150 151 152 153 G
198 91 90 199 200 201 86 202 85 203 G
204 190 205 189 206 207 208 209 210 211 G
90 199 200 201 86 212 26 85 25 24 G
187 G
213 198 214 215 216 217 201 218 212 202 G
219 220 221 222 223 224 225 226 227 177 G
End: 

10
22
1000
22
Start: 5

228 G
229 G
174 G
230 G
231 G
126 127 232 128 129 G
233 G
230 G
179 180 181 182 234 183 184 235 236 237 G
238 G
End: 

10
29
1000
29
Start: 6

163 G
239 240 241 242 243 244 245 246 247 G
248 G
230 G
249 250 251 252 253 254 255 256 257 258 G
129 130 G
22 G
259 60 G
260 261 G
241 G
End: 

10
44
1000
44
Start: 7

228 G
262 263 264 265 266 267 G
268 G
246 247 269 270 271 272 273 274 275 G
276 277 278 279 280 281 282 283 284 285 G
163 286 287 288 G
233 4 G
230 233 G
238 G
289 290 291 257 258 292 293 294 295 G
End: 

10
57
1000
57
Start: 8

296 37 29 30 31 2 32 33 34 41 G
36 37 29 38 31 2 297 47 40 41 G
298 G
174 G
102 G
299 G
300 301 302 303 304 305 306 307 308 228 G
94 96 309 310 99 100 311 312 313 G
314 315 316 317 318 319 320 321 322 323 G
324 325 326 327 328 329 330 331 332 G
End: 

10
57
1000
57
Start: 9

42 48 8 161 162 175 53 333 334 G
241 G
153 G
153 G
335 336 337 338 339 340 341 342 343 G
344 345 346 347 348 349 350 67 351 69 G
241 G
352 78 353 354 355 356 357 358 359 G
323 360 7 361 362 363 364 365 G
366 367 368 369 370 371 372 373 374 375 G
End: 

