110090,0,0
109691,1,0
109692,2,1
109294,3,2
109295,4,2
108896,5,3
108497,6,4
108498,7,5
108099,8,5
108100,9,6
107702,10,7
107303,11,7
102034,12,8
102033,13,9
102032,14,9
102432,15,10
93710,16,11
93709,17,12
93708,18,12
94107,19,13
94106,20,13
94505,21,14
94503,22,15
94902,23,15
94901,24,16
94900,25,16
95299,26,17
95298,27,17
95696,28,18
95695,29,19
96094,30,20
96093,31,21
107701,32,22
108895,33,2
108894,34,2
109293,35,23
110088,36,24
110487,37,25
110486,38,25
110885,39,26
111284,40,27
111283,41,28
111682,42,28
104463,43,29
104862,44,30
105261,45,31
104860,46,31
105259,47,32
105258,48,32
105257,49,33
105256,50,33
105254,51,34
105253,52,35
105252,53,35
105251,54,36
105250,55,36
101262,56,37
101264,57,38
100865,58,38
100866,59,39
110050,60,40
110051,61,40
109651,62,40
109250,63,41
108850,64,41
108450,65,42
108049,66,43
107249,67,44
106849,68,45
106449,69,45
106049,70,46
105249,71,47
104849,72,47
104448,73,48
104048,74,48
103248,75,49
102848,76,50
94447,77,51
94448,78,52
94049,79,53
94051,80,54
94052,81,55
94054,82,56
93655,83,56
93657,84,57
93658,85,58
93259,86,59
93260,87,60
93261,88,60
99671,89,61
110062,90,62
109261,91,63
108860,92,63
108460,93,64
108459,94,65
108059,95,65
107658,96,66
107657,97,67
108056,98,68
108455,99,69
108854,100,70
109253,101,71
109252,102,71
105641,103,72
105642,104,73
105644,105,74
105645,106,74
105246,107,75
105247,108,75
105248,109,47
105255,110,34
105260,111,31
105262,112,30
105263,113,30
96092,114,21
103664,115,76
104063,116,29
104863,117,30
93286,118,77
92885,119,78
92485,120,79
92084,121,79
91683,122,80
91283,123,80
91282,124,80
90881,125,81
90481,126,81
90080,127,82
89679,128,83
89278,129,84
88877,130,85
88477,131,86
88076,132,86
87675,133,87
87274,134,87
86873,135,88
110089,136,24
110886,137,25
111282,138,28
111681,139,89
112080,140,90
112079,141,91
112478,142,91
112476,143,92
112875,144,93
112874,145,93
104896,146,94
104497,147,95
104498,148,96
104099,149,96
104100,150,97
104500,151,97
104900,152,98
105301,153,98
105701,154,99
106102,155,100
106502,156,101
106903,157,101
107304,158,102
107704,159,102
108105,160,103
108505,161,103
108906,162,104
109306,163,104
109707,164,105
100867,165,39
111680,166,89
111679,167,106
111279,168,106
110878,169,107
110478,170,107
110077,171,108
109277,172,109
108877,173,109
108876,174,109
108476,175,110
108874,176,111
108873,177,112
101660,178,113
101661,179,113
101662,180,114
101265,181,38
101266,182,39
84869,183,115
85269,184,115
85270,185,116
85670,186,117
86071,187,117
86472,188,88
87674,189,87
88075,190,118
88476,191,86
89664,192,119
89663,193,120
89662,194,120
89661,195,121
90059,196,122
90058,197,122
90057,198,123
90456,199,124
90455,200,125
90454,201,125
90453,202,126
90852,203,126
90851,204,127
90850,205,127
90848,206,128
90847,207,129
91246,208,130
91245,209,131
91244,210,131
91243,211,132
105244,212,133
105643,213,73
105640,214,72
105639,215,134
105637,216,135
105636,217,135
106035,218,136
106033,219,137
106032,220,137
93287,221,77
92886,222,77
90882,223,138
90482,224,138
90081,225,82
89680,226,82
89279,227,84
88878,228,84
87275,229,87
86876,230,139
86477,231,139
86078,232,140
85678,233,140
85279,234,141
96492,235,21
86064,236,142
85665,237,142
85667,238,143
85268,239,115
86471,240,144
90480,241,81
94050,242,54
94053,243,55
93654,244,56
93656,245,57
93659,246,58
93262,247,145
93263,248,145
92864,249,146
92866,250,147
92867,251,147
92469,252,148
92470,253,149
92071,254,149
92072,255,150
91673,256,151
91273,257,151
104861,258,31
92913,259,152
82880,260,153
83280,261,154
83680,262,154
84080,263,155
84479,264,156
84879,265,141
104848,266,47
102448,267,50
102048,268,157
102049,269,157
102050,270,158
101651,271,158
101652,272,159
101653,273,159
101253,274,160
97281,275,161
97681,276,162
98081,277,162
98482,278,163
98882,279,163
99283,280,164
99683,281,164
100084,282,165
100885,283,166
101285,284,166
101686,285,167
102086,286,167
102487,287,168
102889,288,169
102890,289,170
103291,290,171
103692,291,172
104093,292,173
101658,293,174
101659,294,174
101663,295,114
80871,296,175
80472,297,176
80473,298,176
80073,299,176
79673,300,177
79273,301,177
78473,302,178
78073,303,179
77674,304,180
77675,305,180
77676,306,181
77677,307,181
77678,308,182
77679,309,182
77279,310,183
77280,311,184
76879,312,183
76079,313,185
75679,314,186
98085,315,187
97686,316,188
97687,317,188
97289,318,189
97290,319,190
110863,320,191
110462,321,191
109661,322,192
108057,323,68
108456,324,68
108853,325,71
107649,326,44
108875,327,111
109272,328,112
109271,329,193
109670,330,194
109669,331,195
110068,332,195
110066,333,196
110465,334,197
110464,335,197
94108,336,12
94506,337,198
94903,338,15
95301,339,199
95698,340,17
95697,341,18
96096,342,200
96493,343,21
82489,344,201
82891,345,202
82892,346,203
82893,347,203
82894,348,204
82895,349,204
82896,350,205
82898,351,206
82899,352,206
82900,353,207
82901,354,207
83302,355,208
83303,356,208
83305,357,209
83306,358,210
83307,359,210
83308,360,211
83309,361,211
83310,362,212
83311,363,212
94878,364,213
94478,365,213
94077,366,214
93676,367,214
93276,368,215
92876,369,215
92875,370,216
92476,371,217
92077,372,217
91678,373,218
91279,374,218
90879,375,219
90880,376,81
84470,377,220
84469,378,221
85671,379,117
89678,380,83
83281,381,154
82881,382,153
82882,383,222
82883,384,222
82884,385,223
82485,386,223
82487,387,224
82488,388,201
82897,389,205
83304,390,209
108506,391,225
110108,392,226
110908,393,227
111309,394,228
111710,395,229
112510,396,230
112911,397,231
113312,398,232
114112,399,233
114513,400,234
114914,401,235
115714,402,236
116115,403,237
116516,404,238
117316,405,239
117717,406,240
96491,407,241
94504,408,14
95300,409,199
96095,410,20
96892,411,242
96494,412,20
96097,413,200
95699,414,17
95700,415,199
95302,416,243
95303,417,243
95304,418,244
94905,419,14
94906,420,198
94507,421,198
94508,422,245
94109,423,12
94110,424,11
94111,425,11
110489,426,246
108897,427,3
119658,428,247
119259,429,247
119260,430,248
118862,431,249
118463,432,249
118064,433,250
118065,434,250
117666,435,251
117267,436,252
116868,437,253
116068,438,254
115668,439,255
115267,440,256
114467,441,257
114067,442,258
113666,443,258
113266,444,259
112865,445,260
112064,446,261
114068,447,262
114069,448,262
114070,449,263
113671,450,263
113672,451,264
113273,452,265
113274,453,93
112876,454,266
112477,455,92
112479,456,91
111683,457,28
109677,458,108
110067,459,196
110466,460,267
85287,461,268
85285,462,269
85284,463,269
85283,464,270
85282,465,270
84881,466,271
84880,467,271
86077,468,272
106103,469,100
105702,470,100
105302,471,273
104901,472,98
104501,473,97
104098,474,96
104496,475,95
104895,476,274
105293,477,275
105292,478,275
105691,479,276
105690,480,276
106089,481,277
106088,482,277
99672,483,278
107705,484,102
106904,485,279
106503,486,101
103700,487,280
103299,488,281
102899,489,282
102498,490,282
102098,491,283
110107,492,105
110508,493,227
112110,494,230
112511,495,230
113311,496,231
113712,497,233
114913,498,234
115314,499,236
115715,500,236
93312,501,152
93311,502,284
93711,503,11
93712,504,285
105649,505,46
103648,506,49
102051,507,158
100853,508,160
100452,509,286
99652,510,287
99252,511,287
104864,512,288
104065,513,289
103665,514,76
103266,515,290
102867,516,291
102468,517,292
102068,518,293
101668,519,293
101269,520,294
100869,521,294
100470,522,295
86473,523,88
86072,524,296
84468,525,221
84067,526,297
83666,527,298
83266,528,298
82865,529,299
82864,530,299
82464,531,299
82063,532,300
81662,533,300
81261,534,301
80861,535,301
80860,536,301
92914,537,302
93313,538,152
107302,539,7
107700,540,22
108496,541,4
109690,542,0
110488,543,246
111709,544,228
114113,545,233
116916,546,239
117317,547,239
90079,548,83
91278,549,218
91677,550,303
92076,551,217
92475,552,304
118861,553,305
118464,554,306
116867,555,252
116468,556,254
114867,557,257
112465,558,261
111664,559,307
111263,560,308
92484,561,79
93687,562,309
94087,563,309
94488,564,310
94888,565,310
95289,566,311
95689,567,311
96090,568,241
85278,569,141
100453,570,286
100052,571,286
98452,572,312
98051,573,313
97651,574,313
97250,575,314
96849,576,315
96449,577,316
87673,578,317
88072,579,318
88471,580,319
88470,581,319
88869,582,320
88868,583,320
89267,584,321
89266,585,321
89264,586,322
98852,587,312
96448,588,316
96048,589,316
95647,590,323
94846,591,51
94446,592,51
115667,593,256
116067,594,324
116467,595,324
117266,596,252
117665,597,250
118063,598,325
118462,599,249
118860,600,305
83265,601,326
84467,602,297
84868,603,115
84471,604,220
84072,605,327
84073,606,327
83674,607,328
83675,608,328
108454,609,69
100467,610,329
88096,611,330
88097,612,330
88098,613,331
88500,614,332
88501,615,332
88502,616,333
88504,617,334
88505,618,334
88506,619,335
88908,620,336
88909,621,336
88910,622,337
88912,623,338
88913,624,338
88914,625,339
89315,626,339
90116,627,340
90516,628,341
90917,629,341
91317,630,342
96490,631,241
92865,632,146
92868,633,343
108449,634,43
109652,635,344
109254,636,70
108855,637,70
108457,638,68
108058,639,65
107659,640,66
106860,641,345
106461,642,345
106061,643,346
105662,644,347
93713,645,285
86057,646,348
85656,647,348
85256,648,349
84856,649,349
84056,650,350
83655,651,351
83255,652,351
82854,653,352
82453,654,353
82452,655,353
82052,656,354
86874,657,355
84068,658,221
82463,659,356
100868,660,294
95225,661,357
95226,662,358
95227,663,358
95229,664,359
95230,665,360
95231,666,360
95233,667,361
95234,668,362
95235,669,362
95236,670,363
95238,671,364
94839,672,365
94840,673,366
94841,674,366
94843,675,367
94844,676,368
94445,677,368
88503,678,333
88101,679,332
88100,680,332
88099,681,331
88095,682,369
87694,683,370
87692,684,371
87691,685,372
87690,686,372
87689,687,373
87688,688,373
87687,689,374
88087,690,375
88486,691,375
88885,692,376
89284,693,376
89283,694,377
105703,695,100
104902,696,273
89277,697,85
93686,698,309
82466,699,378
82067,700,379
81668,701,380
81269,702,381
80870,703,175
106034,704,136
106031,705,382
106030,706,382
106029,707,383
106428,708,384
106027,709,385
105627,710,385
105227,711,386
104827,712,386
104426,713,387
104026,714,387
103626,715,388
96891,716,190
96889,717,189
96888,718,189
97287,719,389
97286,720,389
97684,721,187
97683,722,390
98082,723,390
98480,724,391
98478,725,392
98877,726,393
98876,727,393
99275,728,394
99274,729,394
101650,730,158
101649,731,157
101648,732,157
102047,733,395
105648,734,46
93314,735,302
92915,736,302
92917,737,396
92518,738,397
92519,739,397
92521,740,398
92522,741,399
92523,742,399
92525,743,400
92526,744,401
92127,745,401
92129,746,402
92130,747,403
92131,748,403
92133,749,404
91734,750,405
91735,751,405
91737,752,406
91738,753,407
95247,754,323
94045,755,408
93644,756,408
93243,757,409
92842,758,409
92042,759,410
91641,760,411
91240,761,411
90839,762,412
90439,763,412
100071,764,295
100072,765,413
99673,766,278
99675,767,394
99276,768,414
99277,769,414
98879,770,392
98880,771,391
98481,772,391
98483,773,163
98084,774,187
98086,775,188
97688,776,415
97291,777,190
96495,778,20
83278,779,416
83279,780,416
82486,781,224
82490,782,202
92074,783,304
91272,784,151
90872,785,417
90471,786,418
89670,787,419
89269,788,320
88468,789,420
88067,790,421
87667,791,422
87266,792,422
86865,793,423
86465,794,423
85664,795,142
85666,796,143
85267,797,424
119657,798,425
120056,799,426
120055,800,427
120454,801,427
120853,802,428
120852,803,428
121251,804,429
121650,805,430
122049,806,431
122048,807,431
122448,808,432
122847,809,433
122846,810,433
110879,811,107
108475,812,434
109270,813,193
109693,814,1
108499,815,5
107703,816,7
114468,817,435
113670,818,263
113272,819,265
102488,820,169
102489,821,169
103693,822,172
104494,823,436
104495,824,436
97685,825,187
98479,826,392
99273,827,278
87666,828,422
88467,829,421
89669,830,437
90070,831,419
92073,832,150
92474,833,304
97285,834,438
97682,835,390
96881,836,161
96480,837,439
96080,838,439
95680,839,440
95279,840,441
86476,841,139
102087,842,167
103290,843,171
103691,844,171
104094,845,436
93310,846,284
93707,847,13
94105,848,442
96887,849,389
108892,850,23
109292,851,23
110884,852,26
94449,853,52
111308,854,228
112910,855,231
116515,856,237
105663,857,347
106064,858,443
106464,859,444
106865,860,444
107265,861,445
107666,862,446
108066,863,447
108467,864,447
108867,865,448
109268,866,449
109668,867,195
110069,868,195
110070,869,194
109671,870,194
109672,871,450
109273,872,112
109274,873,111
96893,874,242
96496,875,200
96099,876,451
95701,877,199
94112,878,285
94113,879,285
94514,880,452
94516,881,453
95246,882,323
93244,883,454
92843,884,409
92442,885,410
92041,886,455
84456,887,350
82853,888,353
82051,889,456
81650,890,456
81249,891,457
80848,892,457
80847,893,458
84870,894,116
83667,895,298
80459,896,459
80059,897,459
79658,898,460
106048,899,46
97288,900,189
98083,901,390
98878,902,392
103300,903,280
101697,904,461
101297,905,462
100896,906,462
100496,907,463
100495,908,464
100494,909,464
100893,910,465
100892,911,465
100891,912,466
101290,913,466
101289,914,467
101288,915,467
101286,916,468
102499,917,282
100095,918,464
99695,919,469
99294,920,469
96890,921,190
98080,922,162
93714,923,470
93315,924,302
93316,925,396
92918,926,471
92919,927,471
92520,928,398
92124,929,400
92126,930,401
92128,931,402
92132,932,404
91733,933,472
98894,934,473
98493,935,474
106028,936,383
106427,937,475
106827,938,475
107227,939,476
107627,940,476
108027,941,477
108427,942,477
108828,943,478
109228,944,478
109627,945,479
109626,946,479
109625,947,480
110024,948,480
110023,949,481
110022,950,481
110020,951,482
110419,952,483
108104,953,103
110909,954,227
109653,955,344
110061,956,192
110862,957,191
111663,958,308
112464,959,261
92910,960,284
92509,961,484
92508,962,484
92106,963,485
92105,964,486
91704,965,487
91703,966,488
91301,967,489
91300,968,489
91299,969,490
90897,970,491
90896,971,491
90895,972,492
90893,973,493
90892,974,493
90891,975,494
90889,976,495
90488,977,495
90487,978,496
90485,979,497
95690,980,498
95290,981,498
94889,982,310
94088,983,499
92085,984,79
90884,985,497
90885,986,497
90038,987,500
89638,988,500
89238,989,501
88838,990,501
88437,991,502
87637,992,503
87236,993,503
86835,994,504
86834,995,504
86832,996,505
86431,997,506
86429,998,507
86428,999,507
86427,1000,508
86425,1001,509
86424,1002,509
86422,1003,510
86821,1004,511
86820,1005,511
86819,1006,512
96098,1007,451
94509,1008,245
100468,1009,513
100469,1010,513
89270,1011,514
100471,1012,295
100073,1013,413
99674,1014,394
99676,1015,414
102829,1016,515
102831,1017,516
102832,1018,10
102833,1019,10
102834,1020,517
102836,1021,518
102837,1022,518
102838,1023,519
102439,1024,519
102440,1025,520
102442,1026,521
102443,1027,521
102444,1028,522
102445,1029,522
102447,1030,523
102053,1031,159
108868,1032,449
107667,1033,446
107266,1034,446
108907,1035,104
83277,1036,524
82879,1037,525
82885,1038,223
100074,1039,526
115268,1040,255
109307,1041,104
108098,1042,5
109251,1043,41
112109,1044,527
115313,1045,528
100070,1046,295
100069,1047,513
108905,1048,529
113711,1049,530
87235,1050,531
86833,1051,505
86426,1052,508
86423,1053,510
86818,1054,512
99670,1055,61
99669,1056,532
99667,1057,533
99266,1058,533
98865,1059,534
98464,1060,534
98463,1061,535
98062,1062,536
97661,1063,537
86459,1064,538
86461,1065,539
86062,1066,540
86065,1067,142
86872,1068,88
87273,1069,317
99278,1070,541
103226,1071,388
102826,1072,542
102825,1073,543
102823,1074,544
102822,1075,544
102821,1076,545
102820,1077,545
102818,1078,546
102817,1079,547
102816,1080,547
102815,1081,548
102814,1082,548
102813,1083,549
102835,1084,517
102436,1085,518
102438,1086,519
102045,1087,550
102046,1088,395
102052,1089,159
102054,1090,551
101655,1091,551
101657,1092,552
93673,1093,553
93274,1094,216
90082,1095,554
90083,1096,554
89684,1097,555
89285,1098,376
88886,1099,556
94115,1100,470
100485,1101,165
99684,1102,557
98883,1103,163
90883,1104,138
91277,1105,303
91676,1106,303
92075,1107,304
98092,1108,558
97692,1109,558
97292,1110,242
108048,1111,43
102441,1112,520
102446,1113,523
102055,1114,551
102056,1115,552
88837,1116,559
88836,1117,559
88834,1118,560
88833,1119,561
88832,1120,561
88830,1121,562
88829,1122,563
88828,1123,563
89226,1124,564
89225,1125,565
89224,1126,565
89222,1127,566
89221,1128,567
89220,1129,567
89219,1130,568
88418,1131,569
88018,1132,569
87618,1133,570
108827,1134,571
109628,1135,572
109629,1136,572
109630,1137,573
109631,1138,573
108474,1139,434
108067,1140,447
106465,1141,444
105664,1142,443
98093,1143,558
111285,1144,27
93271,1145,574
93672,1146,553
93273,1147,575
92874,1148,216
92863,1149,145
93258,1150,59
93653,1151,55
94048,1152,53
94845,1153,368
92486,1154,576
88094,1155,369
87693,1156,371
89683,1157,554
98893,1158,474
99694,1159,469
88068,1160,420
86866,1161,577
92468,1162,148
90887,1163,496
90888,1164,495
90890,1165,494
90894,1166,492
91296,1167,578
91298,1168,490
91701,1169,489
91702,1170,488
92104,1171,486
92507,1172,485
92908,1173,579
93677,1174,214
100068,1175,513
100466,1176,329
100864,1177,38
100863,1178,37
101261,1179,580
101260,1180,580
101259,1181,581
101257,1182,582
101256,1183,582
101255,1184,583
101252,1185,160
101647,1186,395
101646,1187,395
101644,1188,550
101667,1189,584
101654,1190,551
101645,1191,550
102044,1192,550
102042,1193,585
102041,1194,586
102040,1195,586
102437,1196,518
102434,1197,517
102433,1198,10
102430,1199,516
98881,1200,391
107682,1201,587
107283,1202,587
107284,1203,588
106886,1204,589
106487,1205,589
106087,1206,590
105686,1207,590
105285,1208,591
104885,1209,591
104484,1210,592
104083,1211,593
103682,1212,594
103281,1213,595
102880,1214,596
102481,1215,596
102482,1216,597
102083,1217,598
102084,1218,599
102085,1219,599
101687,1220,167
100895,1221,600
101296,1222,462
102097,1223,461
102898,1224,282
101263,1225,37
101258,1226,581
101656,1227,552
96880,1228,161
100862,1229,37
102043,1230,585
99668,1231,532
92467,1232,601
93257,1233,602
94114,1234,470
108080,1235,603
107681,1236,604
102881,1237,596
102480,1238,596
112078,1239,91
95679,1240,441
104464,1241,289
102866,1242,291
102467,1243,291
101268,1244,294
82890,1245,202
101254,1246,583
101643,1247,585
101642,1248,585
110507,1249,605
88487,1250,375
88088,1251,606
88092,1252,607
88907,1253,608
97650,1254,313
98451,1255,609
100852,1256,160
96047,1257,610
97249,1258,315
103699,1259,281
80058,1260,459
79257,1261,611
78858,1262,612
78459,1263,612
78060,1264,613
77660,1265,613
77260,1266,614
76860,1267,614
76460,1268,615
76060,1269,615
75660,1270,616
96848,1271,315
97247,1272,617
97645,1273,618
97644,1274,618
98043,1275,619
98042,1276,619
98441,1277,620
98440,1278,620
98840,1279,620
99240,1280,621
108841,1281,622
108442,1282,623
108443,1283,623
108444,1284,624
108445,1285,624
108446,1286,625
108447,1287,625
108047,1288,625
109650,1289,40
84074,1290,626
83676,1291,524
100484,1292,165
92862,1293,145
103298,1294,281
110864,1295,197
101291,1296,466
90071,1297,419
94838,1298,365
94837,1299,627
94835,1300,628
95232,1301,361
95228,1302,359
95224,1303,357
95223,1304,629
95222,1305,629
95220,1306,630
95619,1307,631
95618,1308,631
95617,1309,632
95615,1310,633
95614,1311,633
83275,1312,328
102824,1313,543
102819,1314,546
103211,1315,634
103210,1316,634
95297,1317,18
94450,1318,635
94851,1319,635
95252,1320,636
95653,1321,636
95654,1322,637
96054,1323,638
96455,1324,638
96456,1325,639
96857,1326,640
97258,1327,641
97259,1328,641
97660,1329,537
98061,1330,537
110078,1331,642
108478,1332,643
108079,1333,643
107683,1334,587
105687,1335,590
104884,1336,591
94836,1337,627
95221,1338,630
95616,1339,632
86831,1340,506
86430,1341,506
86817,1342,644
86417,1343,644
86017,1344,645
85217,1345,646
85216,1346,646
84816,1347,646
108046,1348,625
94044,1349,408
91241,1350,411
101685,1351,599
102081,1352,647
103280,1353,595
103681,1354,595
104082,1355,593
82491,1356,202
82492,1357,203
82494,1358,204
82495,1359,204
82902,1360,648
82903,1361,648
82905,1362,649
83312,1363,650
83313,1364,650
83315,1365,651
83716,1366,652
102082,1367,598
104483,1368,593
105685,1369,653
106086,1370,590
106486,1371,589
106885,1372,654
106884,1373,654
107282,1374,587
108441,1375,655
108839,1376,656
108838,1377,656
108837,1378,657
108835,1379,658
109234,1380,658
109233,1381,659
109232,1382,659
109230,1383,660
97691,1384,661
85663,1385,540
86061,1386,662
86059,1387,663
86058,1388,663
92916,1389,396
92517,1390,664
119258,1391,247
122445,1392,665
122444,1393,665
122043,1394,666
122042,1395,666
97689,1396,415
79657,1397,611
78460,1398,667
108840,1399,622
108836,1400,657
83712,1401,650
83713,1402,650
83714,1403,651
83717,1404,652
82480,1405,153
82878,1406,525
82877,1407,668
83276,1408,524
83274,1409,328
83673,1410,669
84071,1411,220
98863,1412,535
98864,1413,534
99265,1414,670
99666,1415,533
105245,1416,133
114066,1417,258
98851,1418,609
98492,1419,474
84472,1420,327
91247,1421,130
91248,1422,671
90849,1423,128
90853,1424,126
90457,1425,124
90060,1426,121
90061,1427,121
89265,1428,322
89268,1429,320
79256,1430,611
79255,1431,672
78855,1432,673
78454,1433,673
107281,1434,604
107680,1435,604
108078,1436,643
108077,1437,110
103212,1438,674
103209,1439,675
103208,1440,675
103206,1441,676
103605,1442,677
103604,1443,677
103602,1444,678
103601,1445,679
103600,1446,679
104000,1447,680
103998,1448,681
103997,1449,681
103996,1450,682
102039,1451,683
102435,1452,517
102431,1453,516
82465,1454,299
82066,1455,379
81667,1456,379
81268,1457,381
80869,1458,381
80872,1459,684
102429,1460,515
98477,1461,393
102038,1462,683
102037,1463,685
102036,1464,685
102035,1465,8
110021,1466,482
110418,1467,483
110416,1468,686
110415,1469,687
110414,1470,687
110813,1471,688
110811,1472,689
110410,1473,689
110409,1474,690
110408,1475,690
110407,1476,691
94879,1477,213
101696,1478,461
102497,1479,692
110509,1480,227
109708,1481,226
94904,1482,14
88037,1483,502
89637,1484,693
90438,1485,412
91239,1486,694
91640,1487,411
107305,1488,102
106504,1489,279
104101,1490,97
85617,1491,645
108477,1492,110
107285,1493,588
110028,1494,572
110428,1495,695
110829,1496,695
111629,1497,696
112029,1498,697
112430,1499,698
112831,1500,699
113231,1501,699
113632,1502,700
114032,1503,700
86053,1504,701
86054,1505,702
86055,1506,702
86458,1507,538
86460,1508,539
88475,1509,118
92524,1510,400
87276,1511,703
86877,1512,139
87279,1513,704
102427,1514,542
92125,1515,400
100094,1516,464
88870,1517,514
88073,1518,318
85280,1519,271
85281,1520,271
85286,1521,268
102828,1522,515
102827,1523,542
103219,1524,705
103218,1525,705
103217,1526,706
103216,1527,706
103215,1528,707
103214,1529,707
103213,1530,674
80474,1531,708
80475,1532,708
80476,1533,709
80477,1534,709
80478,1535,710
80479,1536,710
80080,1537,711
79680,1538,712
79280,1539,712
78880,1540,713
78080,1541,714
77680,1542,714
76479,1543,185
75279,1544,186
94916,1545,453
94917,1546,453
95318,1547,715
95319,1548,715
95721,1549,716
95722,1550,717
96123,1551,718
96125,1552,719
113669,1553,262
91732,1554,472
102428,1555,515
102426,1556,542
102424,1557,543
102423,1558,544
102812,1559,549
94116,1560,720
88438,1561,721
78854,1562,673
78453,1563,722
78051,1564,723
77650,1565,723
77649,1566,724
77247,1567,725
76846,1568,725
76844,1569,726
93275,1570,216
94477,1571,727
108479,1572,643
81262,1573,728
92123,1574,399
91730,1575,729
91731,1576,729
108440,1577,655
110828,1578,695
111229,1579,696
101698,1580,283
93264,1581,146
105286,1582,730
103265,1583,76
104064,1584,289
102067,1585,584
96526,1586,731
96527,1587,731
96928,1588,732
96930,1589,733
92122,1590,399
78480,1591,713
86060,1592,662
87281,1593,734
87282,1594,735
87284,1595,736
87686,1596,374
88884,1597,376
96528,1598,737
102425,1599,543
109706,1600,105
109231,1601,660
112427,1602,738
112426,1603,738
85647,1604,739
85649,1605,740
85650,1606,741
85651,1607,741
86052,1608,701
86056,1609,348
86063,1610,540
120455,1611,427
120453,1612,742
121649,1613,431
123248,1614,743
123650,1615,744
123651,1616,744
124052,1617,745
112028,1618,697
112824,1619,746
112823,1620,747
113222,1621,747
113221,1622,748
113220,1623,748
113618,1624,749
113617,1625,750
113616,1626,750
113615,1627,751
113613,1628,752
113612,1629,752
113611,1630,753
114011,1631,753
114411,1632,754
115211,1633,755
108028,1634,756
106429,1635,384
106431,1636,757
106036,1637,135
106037,1638,135
94823,1639,758
95613,1640,759
95612,1641,759
95211,1642,760
94811,1643,761
94411,1644,761
93611,1645,762
93211,1646,763
92810,1647,763
92010,1648,764
91610,1649,765
90810,1650,766
92471,1651,149
82484,1652,223
82483,1653,222
82482,1654,222
82481,1655,153
111310,1656,229
96850,1657,314
80446,1658,767
80444,1659,768
80043,1660,769
80042,1661,769
80041,1662,770
79639,1663,771
103282,1664,594
91242,1665,132
91672,1666,151
94517,1667,453
94022,1668,772
94423,1669,758
95237,1670,363
94842,1671,367
94444,1672,368
94850,1673,635
109235,1674,658
109237,1675,657
96437,1676,773
96837,1677,774
97238,1678,775
97639,1679,776
98039,1680,776
99641,1681,621
100441,1682,777
100841,1683,778
101241,1684,778
80460,1685,779
77248,1686,780
77246,1687,725
78052,1688,781
76843,1689,782
112030,1690,698
105646,1691,783
88071,1692,319
96055,1693,638
96457,1694,639
96858,1695,641
85648,1696,740
85652,1697,701
86457,1698,784
86462,1699,785
109276,1700,109
110477,1701,786
110887,1702,25
110091,1703,0
113265,1704,260
105638,1705,134
104427,1706,387
89658,1707,122
89258,1708,787
88458,1709,788
88057,1710,789
87657,1711,790
87655,1712,791
87654,1713,791
87653,1714,792
87652,1715,792
88050,1716,793
88049,1717,794
88048,1718,794
88047,1719,795
88045,1720,796
88444,1721,796
88443,1722,797
88442,1723,797
88440,1724,798
99267,1725,533
95278,1726,441
97280,1727,161
107259,1728,66
106062,1729,347
118117,1730,240
118518,1731,799
118918,1732,799
119319,1733,800
85679,1734,140
84480,1735,155
76845,1736,726
114431,1737,801
114830,1738,801
114829,1739,802
115228,1740,803
115627,1741,804
116026,1742,805
116425,1743,806
116424,1744,806
116823,1745,807
116822,1746,807
116821,1747,808
116820,1748,808
117220,1749,808
117219,1750,809
78873,1751,178
85288,1752,810
85289,1753,810
85290,1754,811
85691,1755,812
85692,1756,813
85693,1757,813
85694,1758,814
85695,1759,814
85696,1760,815
85697,1761,815
85698,1762,816
89660,1763,121
82081,1764,817
81680,1765,817
81280,1766,818
80880,1767,818
80480,1768,711
80082,1769,819
80083,1770,819
80084,1771,820
80085,1772,820
79686,1773,821
79687,1774,821
121250,1775,429
81661,1776,822
101641,1777,586
105284,1778,591
106485,1779,654
103207,1780,676
90472,1781,417
84841,1782,823
84842,1783,824
85243,1784,824
85244,1785,825
85246,1786,826
85247,1787,826
96079,1788,827
92870,1789,574
88439,1790,721
111644,1791,828
111245,1792,828
111246,1793,829
110847,1794,830
110848,1795,831
110449,1796,831
100465,1797,832
100861,1798,580
91284,1799,833
91297,1800,578
119659,1801,247
85699,1802,816
85700,1803,834
85701,1804,834
85703,1805,835
86104,1806,836
86105,1807,836
86107,1808,837
86108,1809,838
98875,1810,839
99272,1811,278
82493,1812,203
111247,1813,829
110052,1814,344
107260,1815,840
90840,1816,841
108856,1817,842
112042,1818,843
112043,1819,843
111645,1820,828
106861,1821,345
94489,1822,310
91684,1823,833
90886,1824,496
99295,1825,469
98494,1826,473
109260,1827,63
85702,1828,835
86106,1829,837
86109,1830,838
86110,1831,844
86111,1832,844
85312,1833,845
84912,1834,845
84512,1835,846
84112,1836,846
88093,1837,607
76842,1838,782
96847,1839,617
97246,1840,617
98041,1841,847
92909,1842,579
101251,1843,848
82089,1844,849
82088,1845,849
82087,1846,850
82086,1847,850
100894,1848,600
101669,1849,293
121252,1850,428
112839,1851,851
88911,1852,337
88512,1853,852
87712,1854,853
87312,1855,853
86912,1856,854
86914,1857,855
87315,1858,856
87316,1859,857
87318,1860,858
87319,1861,858
87320,1862,859
87321,1863,859
87323,1864,860
87324,1865,861
91280,1866,862
109673,1867,450
82085,1868,863
83672,1869,669
84070,1870,220
99640,1871,621
100041,1872,777
94918,1873,864
95320,1874,716
95723,1875,717
96124,1876,719
96525,1877,719
96929,1878,732
97330,1879,733
97331,1880,733
106887,1881,589
109255,1882,70
92107,1883,485
91302,1884,488
91697,1885,578
92097,1886,865
101688,1887,866
99293,1888,867
112425,1889,868
113219,1890,869
113614,1891,751
92896,1892,870
93296,1893,870
94096,1894,871
94496,1895,872
94896,1896,872
95296,1897,18
100897,1898,462
97693,1899,558
88074,1900,118
88876,1901,85
88509,1902,873
88508,1903,873
110865,1904,197
110467,1905,267
106866,1906,874
92496,1907,865
93696,1908,871
77648,1909,724
92497,1910,865
90854,1911,125
93643,1912,875
78452,1913,722
96838,1914,775
96438,1915,876
96037,1916,773
95637,1917,363
92912,1918,152
94502,1919,15
102057,1920,552
111630,1921,877
110429,1922,695
109236,1923,657
91723,1924,878
86913,1925,854
92441,1926,455
89682,1927,554
100872,1928,879
100873,1929,879
101274,1930,880
101675,1931,881
101676,1932,882
102077,1933,882
102478,1934,883
102479,1935,883
86822,1936,510
101684,1937,599
101275,1938,880
90871,1939,418
102466,1940,291
102865,1941,884
105661,1942,346
106460,1943,345
106859,1944,885
98044,1945,618
97646,1946,886
97248,1947,315
92030,1948,887
82904,1949,649
91674,1950,888
103683,1951,594
91700,1952,489
94515,1953,452
110049,1954,889
110448,1955,831
110447,1956,830
110846,1957,830
110845,1958,890
111244,1959,828
111643,1960,891
111642,1961,891
112041,1962,892
112440,1963,892
112439,1964,893
93674,1965,894
94897,1966,872
94497,1967,872
94097,1968,871
93297,1969,870
92897,1970,870
118118,1971,895
85266,1972,424
94072,1973,553
94471,1974,896
94870,1975,896
95270,1976,897
95669,1977,898
96069,1978,899
96469,1979,899
97269,1980,900
97669,1981,901
98069,1982,901
98869,1983,902
99269,1984,532
94078,1985,903
74879,1986,904
86464,1987,423
119719,1988,800
94443,1989,367
92869,1990,343
89237,1991,559
112838,1992,851
82080,1993,817
94442,1994,367
109678,1995,642
74479,1996,904
73679,1997,905
97659,1998,906
98462,1999,535
111264,2000,307
110468,2001,907
108428,2002,756
113237,2003,908
113235,2004,909
113634,2005,910
114033,2006,700
112825,2007,746
88472,2008,318
89665,2009,119
102830,2010,516
93697,2011,871
95648,2012,911
105226,2013,386
105626,2014,385
108872,2015,112
100870,2016,912
101270,2017,912
101671,2018,913
102071,2019,913
102472,2020,914
102872,2021,914
84838,2022,915
84840,2023,823
85245,2024,825
81681,2025,817
76880,2026,184
114432,2027,916
115229,2028,803
92506,2029,485
87676,2030,703
98040,2031,847
97638,2032,776
97637,2033,917
98036,2034,917
98035,2035,918
92070,2036,149
102058,2037,174
104826,2038,386
98434,2039,919
98432,2040,920
98431,2041,921
98430,2042,921
98428,2043,922
98427,2044,923
98426,2045,923
98824,2046,924
98823,2047,925
98821,2048,926
98820,2049,926
98819,2050,927
98419,2051,927
98019,2052,928
97219,2053,929
96818,2054,929
96418,2055,930
96018,2056,930
102079,2057,931
110866,2058,267
90479,2059,219
92871,2060,574
94071,2061,932
96869,2062,900
95621,2063,630
108514,2064,933
108914,2065,934
109315,2066,934
109715,2067,935
110116,2068,936
110516,2069,937
110917,2070,937
111718,2071,938
112118,2072,939
112519,2073,939
112919,2074,940
113320,2075,941
113721,2076,942
114122,2077,943
114523,2078,944
114924,2079,945
115323,2080,946
115723,2081,946
116122,2082,947
116521,2083,948
101670,2084,913
102471,2085,949
102871,2086,949
103272,2087,950
103672,2088,950
104072,2089,951
104473,2090,951
105273,2091,952
105673,2092,953
106074,2093,954
106474,2094,955
106875,2095,955
107275,2096,956
107675,2097,956
91736,2098,406
102078,2099,931
116915,2100,957
117716,2101,240
95253,2102,636
112081,2103,90
101677,2104,882
98469,2105,902
104873,2106,952
92477,2107,217
92078,2108,958
91281,2109,862
91682,2110,80
100884,2111,166
100472,2112,413
107258,2113,66
113236,2114,908
101267,2115,39
106874,2116,955
95694,2117,19
111278,2118,106
100874,2119,880
114035,2120,910
113635,2121,910
113637,2122,959
113238,2123,851
112840,2124,960
112441,2125,892
114034,2126,910
115628,2127,803
116025,2128,806
108101,2129,6
85712,2130,961
92083,2131,962
92029,2132,963
92431,2133,887
92433,2134,964
92033,2135,964
91633,2136,965
106883,2137,966
85662,2138,540
85655,2139,702
85654,2140,702
85653,2141,701
85252,2142,967
85251,2143,968
85250,2144,968
85248,2145,969
84846,2146,826
84845,2147,825
84844,2148,825
84843,2149,824
84442,2150,970
108468,2151,971
82479,2152,525
81651,2153,456
81250,2154,972
112830,2155,699
113631,2156,973
90489,2157,495
90486,2158,496
114512,2159,234
80081,2160,711
79688,2161,974
79690,2162,975
79691,2163,975
80093,2164,976
80094,2165,977
80095,2166,977
80097,2167,978
80098,2168,979
84441,2169,980
84440,2170,980
84439,2171,981
84037,2172,982
84036,2173,982
84035,2174,983
84034,2175,983
84033,2176,984
83632,2177,985
83631,2178,986
83630,2179,986
83629,2180,987
83228,2181,987
82828,2182,988
82428,2183,988
82028,2184,989
81227,2185,990
80827,2186,990
80427,2187,991
80027,2188,991
93309,2189,579
99279,2190,541
98484,2191,992
95212,2192,759
109632,2193,993
108842,2194,994
88499,2195,331
88112,2196,852
76442,2197,995
76441,2198,996
92911,2199,284
96489,2200,997
95251,2201,998
87286,2202,374
87285,2203,736
87283,2204,735
87280,2205,734
86879,2206,999
86878,2207,999
103603,2208,678
108491,2209,1000
108090,2210,1000
107690,2211,1001
107289,2212,1002
106888,2213,1003
106488,2214,1003
106090,2215,276
105692,2216,1004
91249,2217,671
108076,2218,110
107676,2219,1005
106475,2220,955
106075,2221,954
105674,2222,954
105274,2223,1006
104073,2224,951
103673,2225,950
94023,2226,772
93623,2227,772
93223,2228,1007
92823,2229,1007
92423,2230,1008
92424,2231,1009
102072,2232,1010
101271,2233,912
90078,2234,83
90878,2235,219
92425,2236,1009
92426,2237,1011
92427,2238,1011
92428,2239,963
92432,2240,964
118119,2241,895
117720,2242,1012
88839,2243,501
88441,2244,798
88445,2245,796
88446,2246,795
107679,2247,1013
110877,2248,786
111678,2249,106
80471,2250,1014
82065,2251,1015
105243,2252,1016
117719,2253,895
117320,2254,1017
116921,2255,1017
109676,2256,108
98037,2257,917
81663,2258,300
98442,2259,1018
102879,2260,883
106065,2261,443
113619,2262,749
82876,2263,668
84867,2264,424
85265,2265,1019
92110,2266,1020
91710,2267,1021
90910,2268,1022
90511,2269,1022
89711,2270,1023
89311,2271,337
87317,2272,857
96091,2273,241
85657,2274,348
85249,2275,969
84847,2276,826
84438,2277,981
84437,2278,982
104874,2279,1006
74880,2280,1024
74881,2281,1024
74882,2282,1025
74484,2283,1026
88485,2284,1027
114466,2285,257
97260,2286,1028
83254,2287,351
80846,2288,458
80445,2289,768
80040,2290,770
79638,2291,771
82090,2292,1029
83628,2293,987
81627,2294,1030
79627,2295,1031
104894,2296,274
104883,2297,1032
82062,2298,300
103222,2299,1033
103223,2300,1033
103225,2301,1034
96470,2302,1035
116522,2303,947
87314,2304,856
105689,2305,277
77673,2306,179
100871,2307,912
113223,2308,747
107689,2309,1002
96070,2310,1035
95271,2311,897
94871,2312,896
94472,2313,1036
94073,2314,553
91679,2315,218
95670,2316,897
93272,2317,575
114811,2318,754
84839,2319,915
90484,2320,497
103224,2321,1034
76440,2322,996
76438,2323,1037
76437,2324,1038
76435,2325,1039
106430,2326,757
80859,2327,1040
81260,2328,301
96894,2329,1041
99241,2330,621
111317,2331,1042
112518,2332,939
114524,2333,945
114925,2334,945
114526,2335,1043
114527,2336,1043
87237,2337,503
98079,2338,1044
95219,2339,631
98874,2340,839
115626,2341,804
116423,2342,1045
88835,2343,560
88831,2344,562
88826,2345,564
88819,2346,568
98034,2347,918
98433,2348,920
90458,2349,1046
98429,2350,922
98825,2351,924
98822,2352,925
95620,2353,630
103273,2354,950
93671,2355,932
95622,2356,629
77651,2357,723
87278,2358,704
87685,2359,736
110450,2360,1047
97733,2361,1048
97734,2362,1049
98135,2363,1049
113271,2364,1050
87322,2365,860
100096,2366,463
81248,2367,457
80044,2368,768
79640,2369,1051
110417,2370,686
110812,2371,688
111211,2372,1052
111611,2373,1052
86070,2374,117
97619,2375,928
88507,2376,335
98063,2377,536
97662,2378,536
96859,2379,641
91310,2380,1021
90111,2381,1023
88915,2382,339
88515,2383,1053
88115,2384,1053
87715,2385,856
118519,2386,799
102088,2387,866
96056,2388,639
103292,2389,172
113722,2390,943
114123,2391,943
101689,2392,866
88858,2393,787
88457,2394,789
87656,2395,790
103608,2396,675
103607,2397,676
104002,2398,1054
104001,2399,680
97239,2400,775
88051,2401,793
88046,2402,795
108075,2403,434
88827,2404,564
89223,2405,566
89218,2406,568
89217,2407,1055
89216,2408,1055
89615,2409,1056
89614,2410,1056
89613,2411,1057
89612,2412,1057
89611,2413,1058
89610,2414,1058
94919,2415,864
98439,2416,1059
85293,2417,1060
79637,2418,1061
79636,2419,1061
106038,2420,134
89230,2421,562
120057,2422,426
96012,2423,1062
114128,2424,1063
101276,2425,1064
100473,2426,413
114831,2427,801
101678,2428,931
103610,2429,634
103609,2430,675
122446,2431,433
122041,2432,1065
121640,2433,1065
98425,2434,924
93652,2435,55
111243,2436,891
112837,2437,908
113633,2438,700
96931,2439,733
113232,2440,1066
110048,2441,889
110406,2442,691
110405,2443,1067
112920,2444,941
113321,2445,941
108115,2446,933
90923,2447,1068
90523,2448,1068
113636,2449,959
87636,2450,503
77281,2451,184
77282,2452,1069
77283,2453,1069
108091,2454,1000
95321,2455,716
92514,2456,1070
75260,2457,616
74860,2458,1071
74460,2459,1071
73660,2460,1072
73260,2461,1073
76439,2462,1037
95720,2463,716
109269,2464,449
96011,2465,1074
96411,2466,1074
96811,2467,1075
97611,2468,1076
98011,2469,1076
98411,2470,1077
99210,2471,1078
99610,2472,1078
79635,2473,1079
103227,2474,388
103228,2475,1080
112040,2476,892
113239,2477,851
112044,2478,1081
93688,2479,499
101292,2480,465
99268,2481,532
98866,2482,1082
108081,2483,603
78458,2484,612
96126,2485,731
97332,2486,1083
107288,2487,1002
103220,2488,1084
80079,2489,710
80078,2490,710
97333,2491,1083
97211,2492,1075
98811,2493,1077
100010,2494,1085
91323,2495,878
90123,2496,1086
89324,2497,1087
88924,2498,1087
97736,2499,1088
98137,2500,1088
91739,2501,407
88818,2502,568
87218,2503,570
108515,2504,933
108116,2505,1089
107717,2506,1090
107718,2507,1091
107320,2508,1092
106921,2509,1093
106922,2510,1094
106523,2511,1094
106123,2512,1095
105324,2513,1096
104924,2514,1096
104525,2515,1097
104125,2516,1097
103726,2517,1098
103727,2518,1098
104129,2519,1099
104130,2520,1100
104531,2521,1100
104532,2522,1101
94852,2523,1102
103606,2524,676
79689,2525,974
80092,2526,976
74079,2527,905
73278,2528,1103
72878,2529,1103
72478,2530,1104
74883,2531,1025
95652,2532,636
104893,2533,275
105291,2534,1105
100875,2535,880
92422,2536,1008
92822,2537,1007
93622,2538,772
95269,2539,898
96868,2540,900
97268,2541,900
98068,2542,901
98468,2543,902
98868,2544,902
92028,2545,963
92027,2546,1011
92026,2547,1011
92025,2548,1009
93222,2549,1007
95655,2550,637
80096,2551,978
109275,2552,111
110026,2553,479
92873,2554,575
85704,2555,836
87684,2556,736
110814,2557,687
89715,2558,1106
107276,2559,1005
105675,2560,954
114430,2561,801
96468,2562,899
97668,2563,901
108492,2564,1107
121642,2565,666
110025,2566,480
94470,2567,896
118517,2568,1108
120120,2569,1109
120920,2570,1110
121321,2571,1110
106889,2572,1003
116114,2573,237
104407,2574,1111
106060,2575,346
96089,2576,997
90510,2577,1022
88044,2578,796
108106,2579,225
110916,2580,937
96127,2581,731
96529,2582,737
105294,2583,274
90898,2584,1112
83314,2585,651
83715,2586,651
112442,2587,843
100067,2588,329
110420,2589,1113
112011,2590,1114
112411,2591,1114
108050,2592,42
122848,2593,432
96458,2594,1115
94451,2595,635
87724,2596,861
86924,2597,1116
86525,2598,1116
103221,2599,1084
84055,2600,1117
99270,2601,61
112811,2602,1118
88052,2603,1119
88054,2604,1120
89257,2605,1121
89657,2606,123
104007,2607,1111
110071,2608,194
108117,2609,1089
107319,2610,1091
105724,2611,1122
104925,2612,1096
103728,2613,1123
104474,2614,1124
102873,2615,914
90916,2616,341
91717,2617,342
92117,2618,664
92118,2619,397
91729,2620,1125
90470,2621,418
121239,2622,1126
121237,2623,1127
84416,2624,1128
84015,2625,1129
98465,2626,534
97261,2627,1028
76436,2628,1038
76434,2629,1039
85242,2630,824
88086,2631,375
83718,2632,1130
81666,2633,379
102891,2634,170
87265,2635,1131
107719,2636,1091
103326,2637,1098
102527,2638,1132
102127,2639,1133
101728,2640,1134
101328,2641,1135
100928,2642,1135
107628,2643,1136
113211,2644,1118
89609,2645,1137
92421,2646,1138
92420,2647,1138
92419,2648,1139
83656,2649,1140
106426,2650,475
88053,2651,1119
88857,2652,1121
112877,2653,266
110404,2654,1067
111204,2655,1141
98827,2656,923
98828,2657,922
114433,2658,916
98435,2659,919
115227,2660,804
103666,2661,290
106876,2662,1142
103999,2663,680
123247,2664,1143
84032,2665,984
83627,2666,1144
93285,2667,78
114434,2668,1145
94487,2669,1146
84436,2670,982
123649,2671,743
103229,2672,1080
74483,2673,1025
94915,2674,452
80099,2675,979
100410,2676,1085
100809,2677,1147
88091,2678,1148
124453,2679,745
124853,2680,1149
125253,2681,1149
92920,2682,1150
112431,2683,698
112428,2684,697
112438,2685,893
95322,2686,717
81267,2687,1151
92515,2688,1070
112821,2689,748
112820,2690,748
112819,2691,869
112818,2692,869
113217,2693,1152
77284,2694,1153
77285,2695,1153
84017,2696,1128
112422,2697,1154
108891,2698,1155
106425,2699,1156
106424,2700,1156
106423,2701,1157
106422,2702,1157
106421,2703,1158
84038,2704,981
96122,2705,718
83626,2706,1144
83625,2707,1159
83624,2708,1159
83623,2709,1160
84022,2710,1161
84020,2711,1162
84019,2712,1163
84018,2713,1163
94011,2714,762
92410,2715,764
91210,2716,765
90809,2717,1164
83633,2718,985
93610,2719,762
93210,2720,763
91609,2721,1165
124053,2722,745
85294,2723,1166
85291,2724,811
85271,2725,116
87234,2726,531
89723,2727,1086
88524,2728,1167
88124,2729,1167
89229,2730,563
85292,2731,1060
90056,2732,123
87651,2733,1168
84021,2734,1162
84016,2735,1128
101672,2736,1010
84023,2737,1161
87725,2738,861
87726,2739,1169
87727,2740,1169
77278,2741,183
78072,2742,179
78472,2743,178
79272,2744,177
88906,2745,608
110810,2746,689
95288,2747,311
89209,2748,1170
121238,2749,1126
120837,2750,1127
79626,2751,1031
79624,2752,1171
76432,2753,1172
98826,2754,923
120520,2755,1109
102927,2756,1132
76459,2757,1173
76859,2758,1174
77258,2759,1174
77658,2760,1175
89724,2761,1176
74060,2762,1072
73261,2763,1073
73262,2764,1177
120836,2765,1127
92031,2766,887
100464,2767,832
92510,2768,1020
92884,2769,78
99211,2770,1078
100810,2771,1178
110005,2772,1179
109605,2773,1179
107321,2774,1092
79634,2775,1079
79633,2776,1180
79631,2777,1181
122044,2778,1182
79630,2779,1181
79628,2780,1183
84031,2781,1184
106420,2782,1158
106819,2783,1185
106818,2784,1185
106817,2785,1186
106820,2786,1158
106816,2787,1186
106815,2788,1187
100529,2789,1188
100129,2790,1188
108915,2791,934
102926,2792,1132
123249,2793,743
124454,2794,1189
77286,2795,1190
110804,2796,1067
79629,2797,1183
88056,2798,789
101727,2799,1133
100860,2800,580
88447,2801,795
87217,2802,1191
123652,2803,1192
108114,2804,933
110115,2805,935
111717,2806,1042
98810,2807,1077
101209,2808,1147
74486,2809,1193
74487,2810,1193
74489,2811,1194
74491,2812,1195
79632,2813,1180
104465,2814,289
123648,2815,743
90409,2816,1164
83719,2817,1130
88408,2818,1196
88008,2819,1196
87608,2820,1197
97284,2821,438
76039,2822,1037
75639,2823,1198
119318,2824,800
103725,2825,1199
115325,2826,1200
115726,2827,1201
83720,2828,1202
116024,2829,806
117619,2830,1203
117618,2831,1203
117616,2832,1204
97245,2833,1205
97218,2834,929
97618,2835,928
98018,2836,928
104074,2837,1124
103205,2838,677
84882,2839,270
100409,2840,1206
104128,2841,1099
104131,2842,1100
104533,2843,1101
121641,2844,1065
88808,2845,1170
116819,2846,809
102809,2847,1207
102409,2848,1207
101610,2849,1208
101210,2850,1178
116123,2851,947
95724,2852,1209
79625,2853,1171
80086,2854,1210
80101,2855,1211
80102,2856,1212
80104,2857,1213
93715,2858,470
104934,2859,1214
92418,2860,1139
85295,2861,1166
79623,2862,1215
92417,2863,1216
92416,2864,1216
92415,2865,1217
92814,2866,1218
92816,2867,1219
92817,2868,1219
92815,2869,1218
115611,2870,755
91632,2871,965
73678,2872,905
74839,2873,1220
74438,2874,1220
124854,2875,1221
102477,2876,1222
101273,2877,879
94104,2878,442
82512,2879,1223
82113,2880,1224
83622,2881,1160
117617,2882,1204
97636,2883,917
125251,2884,1225
82908,2885,1226
75239,2886,1198
99219,2887,1227
99218,2888,1227
86125,2889,1228
122443,2890,1229
107678,2891,1013
83721,2892,1202
83722,2893,1230
99217,2894,1231
109205,2895,1232
118919,2896,799
111603,2897,1233
112403,2898,1234
96819,2899,929
109206,2900,1235
108406,2901,1236
108006,2902,1236
103267,2903,290
83621,2904,1237
89616,2905,1238
83620,2906,1237
117321,2907,1017
112822,2908,747
113218,2909,869
104807,2910,1239
105607,2911,1240
120921,2912,1110
121721,2913,1241
122122,2914,1242
122922,2915,1243
85711,2916,844
108490,2917,1000
125252,2918,1149
107322,2919,1244
107724,2920,1245
108125,2921,1246
108526,2922,1247
108927,2923,1248
109328,2924,1249
109730,2925,1250
109731,2926,1250
110132,2927,1251
110533,2928,1252
110934,2929,1253
110936,2930,1254
111337,2931,1255
76887,2932,1190
